RADUGA 1 [-]            
1 08513U 75123A   19182.39406675 -.00000170  00000-0  00000+0 0  9994
2 08513   9.0573 302.9887 0004548 193.5649   9.2021  1.00283262169440
RADUGA 2 [-]            
1 09416U 76092A   19181.89008074 -.00000090  00000-0  00000-0 0  9990
2 09416   9.6969 304.8284 0027836 326.8799  44.5442  1.00245793103840
RADUGA 3 [-]            
1 10159U 77071A   19181.89112757 -.00000169  00000-0  00000-0 0  9995
2 10159  10.2808 307.1316 0006846 214.9983 160.1431  1.00354913151546
RADUGA 4 [-]            
1 10987U 78073A   19181.86155837 -.00000219  00000-0  00000+0 0  9995
2 10987  10.8505 310.1275 0011160 334.8383  35.7836  1.00203573 94080
RADUGA 5 [-]            
1 11343U 79035A   19182.46175045  .00000018  00000-0  00000+0 0  9997
2 11343  11.2624 312.4953 0003290 105.9667  91.4199  1.00273013103829
RADUGA 6 [-]            
1 11708U 80016A   19181.88763814  .00000016  00000-0  00000-0 0  9994
2 11708  11.5630 315.1189 0000609 346.6978   1.2289  1.00204176 96650
RADUGA 7 [-]            
1 12003U 80081A   19181.90929480 -.00000273  00000-0  00000-0 0  9997
2 12003  11.7068 316.8116 0009301 253.0975 353.0452  1.00219455 97804
RADUGA 8 [-]            
1 12351U 81027A   19181.65883664 -.00000012  00000-0  00000+0 0  9999
2 12351  12.0221 317.5311 0082741 196.5783 359.3418  1.00356408 97000
RADUGA 9 [-]            
1 12618U 81069A   19181.02327568  .00000107  00000-0  00000-0 0  9993
2 12618  12.1771 319.9518 0003273  59.6907 317.2375  1.00207941 21832
RADUGA 10 [-]           
1 12897U 81102A   19181.88842326 -.00000029  00000-0  00000-0 0  9992
2 12897  12.2393 320.7539 0002849 131.2773 214.9699  1.00253721 91837
RADUGA 11 [-]           
1 13669U 82113A   19181.79702062 -.00000118  00000-0  00000-0 0  9994
2 13669  13.9393 332.5961 0037327 228.5593 310.9991  0.97709022 96687
RADUGA 12 [-]           
1 13974U 83028A   19181.89156375 -.00000188  00000-0  00000+0 0  9996
2 13974  13.1055 329.4920 0003709  26.6828 328.1571  1.00266160143873
RADUGA 13 [-]           
1 14307U 83088A   19181.42699672 -.00000044  00000-0  00000-0 0  9996
2 14307  14.1192 334.2359 0019218   9.1036   3.9664  0.98173153 93977
RADUGA 14 [-]           
1 14725U 84016A   19182.46166323  .00000004  00000-0  00000+0 0  9993
2 14725  13.1883 332.7740 0003333  63.7275 112.5694  1.00267090 92580
RADUGA 15 [-]           
1 15057U 84063A   19182.39668382 -.00000313  00000-0  00000+0 0  9992
2 15057  13.2771 333.7432 0002514  81.2039 105.0593  1.00366649115590
RADUGA 16 [-]           
1 15946U 85070A   19181.54045286  .00000024  00000-0  00000-0 0  9995
2 15946  13.5684 338.0647 0002102 348.4154  18.0900  1.00372200 96726
RADUGA 17 [-]           
1 16250U 85107A   19181.09166865  .00000130  00000-0  00000+0 0  9999
2 16250  13.6391 339.3171 0008949 150.1533 215.0175  1.00148398126312
RADUGA 18 [-]           
1 16497U 86007A   19181.76132050 -.00000272  00000-0  00000+0 0  9993
2 16497  14.3631 341.7505 0071528 134.5140 228.8373  0.98815373120788
RADUGA 19 [-]           
1 17046U 86082A   19181.82875389 -.00000194  00000-0  00000-0 0  9997
2 17046  14.6301 345.3754 0009680 109.0743 252.6673  0.98461458117873
RADUGA 20 [-]           
1 17611U 87028A   19182.01368760 -.00000074  00000-0  00000+0 0  9994
2 17611  16.5191 348.9260 0026749 102.9247 258.8672  0.95961577113895
RADUGA 21 [-]           
1 18631U 87100A   19181.12553365  .00000109  00000-0  00000-0 0  9995
2 18631  14.6384 346.8572 0002744  15.9624 163.5900  1.00269122115572
RADUGA 22 [-]           
1 19596U 88095A   19182.33026935 -.00000368  00000-0  00000+0 0  9999
2 19596  14.4312 350.6736 0004347  71.1643 100.6764  1.00218556 96206
RADUGA 23 [-]           
1 19928U 89030A   19181.09288995  .00000125  00000-0  00000-0 0  9997
2 19928  14.4921 352.4150 0017942 129.1193 229.4267  1.00218114109337
RADUGA-1 1 [-]          
1 20083U 89048A   19182.01368760  .00000026  00000-0  00000+0 0  9991
2 20083  15.1227 355.1770 0019396  75.8963 283.5031  0.98706429106168
RADUGA 24 [-]           
1 20367U 89098A   19181.96623396 -.00000319  00000-0  00000+0 0  9999
2 20367  14.9575 354.8584 0002820 328.1531  43.0531  1.00311076107534
RADUGA 25 [-]           
1 20499U 90016A   19181.63188074  .00000077  00000-0  00000+0 0  9990
2 20499  14.6958 355.3647 0002204  22.7261 350.5691  1.00182958107449
RADUGA 26 [-]           
1 21016U 90112A   19182.46515265 -.00000150  00000-0  00000+0 0  9994
2 21016  14.8468 358.5063 0006930  26.6310 142.0684  1.00224768104740
RADUGA-1 2 [-]          
1 21038U 90116A   19181.82221407 -.00000314  00000-0  00000-0 0  9996
2 21038  14.8827 358.6090 0007198  39.6765 276.1517  1.00256989 21831
RADUGA 27 [-]           
1 21132U 91014A   19181.66398358  .00000104  00000-0  00000+0 0  9996
2 21132  15.4052 358.5826 0004622  11.2814 171.1725  1.00235082103791
RADUGA 28 [-]           
1 21821U 91087A   19181.89627451 -.00000361  00000-0  00000-0 0  9992
2 21821  14.9947   1.8919 0005134  61.2751 286.2915  1.00327181100819
RADUGA 29 [-]           
1 22557U 93013A   19181.16326163  .00000126  00000-0  00000-0 0  9994
2 22557  14.9806   6.0188 0004613  41.9194 321.2802  1.00345263 96171
RADUGA 30 [-]           
1 22836U 93062A   19181.02798642 -.00000098  00000-0  00000-0 0  9997
2 22836  14.9206   7.8804 0005330 312.5306  41.0036  1.00286342 20487
RADUGA-1 3 [-]          
1 22981U 94008A   19181.81365081  .00000034  00000-0  00000-0 0  9992
2 22981  14.9380   9.0543 0003312   6.1248 253.6986  1.00314989 92971
RADUGA 31 [-]           
1 23010U 94012A   19181.88605690 -.00000066  00000-0  00000-0 0  9997
2 23010  14.9035   9.0255 0004699  16.3953 284.0760  1.00205822 92846
RADUGA 32 [-]           
1 23448U 94087A   19181.84304529 -.00000095  00000-0  00000-0 0  9999
2 23448  14.7477  11.6278 0004642 228.8505  54.8159  1.00283919107377
RADUGA-1 4 [-]          
1 25642U 99010A   19182.10459012 -.00000076  00000-0  00000+0 0  9994
2 25642  14.6868  23.5933 0003886 276.9767  89.3027  1.00189868 74470
RADUGA-1 5 [-]          
1 26477U 00049A   19181.03295889 -.00000303  00000-0  00000-0 0  9990
2 26477  12.4290  26.8626 0005008 351.4381  10.2786  1.00231204 68915
RADUGA-1 6 [-]          
1 26936U 01045A   19181.63598083 -.00000048  00000-0  00000-0 0  9991
2 26936  12.2661  32.6273 0012904 143.7351 214.1247  0.97743717 63734
RADUGA-1 7 [-]          
1 28194U 04010A   19182.47448689 -.00000353  00000-0  00000+0 0  9991
2 28194  10.6916  39.7451 0001954 277.1766 261.2217  1.00294204 55905
RADUGA-1M 1 [-]         
1 32373U 07058A   19182.37714297 -.00000142  00000-0  00000+0 0  9996
2 32373   4.5857  70.3679 0003158 306.6595  37.7697  0.99400638 43041
RADUGA-1 8 [-]          
1 34264U 09010A   19181.81305141  .00000129  00000-0  00000-0 0  9994
2 34264   7.1493  62.1963 0013350 324.5969 235.7488  0.99817833 37782
RADUGA-1M 2 [+]         
1 36358U 10002A   19182.10694549 -.00000176  00000-0  00000+0 0  9991
2 36358   0.0296 252.4464 0001710 230.4660 279.4540  1.00271331 34513
RADUGA-1M 3 [+]         
1 39375U 13062A   19182.17578448 -.00000032  00000-0  00000+0 0  9999
2 39375   0.0461 175.2854 0001993 310.4976 286.4924  1.00272864 20630
