TDRS 3                  
1 19548U 88091B   19181.90795338 -.00000298  00000-0  00000+0 0  9996
2 19548  14.3321   0.6430 0033411 322.6377 233.3529  1.00268148 99867
FLTSATCOM 8 (USA 46)    
1 20253U 89077A   19182.01368760 -.00000079  00000-0  00000+0 0  9991
2 20253  13.0596   8.3548 0002324  77.0346 270.3125  1.00273492235103
SKYNET 4C               
1 20776U 90079A   19181.79552772  .00000127  00000-0  00000-0 0  9991
2 20776  13.9840   9.0067 0002615 100.7847 128.6904  1.00277975105411
TDRS 5                  
1 21639U 91054B   19181.76934620  .00000085  00000-0  00000+0 0  9999
2 21639  14.3948  13.9200 0024283   1.5093  12.3284  1.00271353102201
TDRS 6                  
1 22314U 93003B   19181.90621671 -.00000293  00000-0  00000-0 0  9994
2 22314  14.0565  16.9873 0002931  30.6775 151.3806  1.00269200 96944
UFO 2 (USA 95)          
1 22787U 93056A   19182.23926144  .00000129  00000-0  00000+0 0  9992
2 22787  11.1648  17.6473 0005901  94.4014 281.8214  1.00274550 93163
USA 99 (MILSTAR-1 1)    
1 22988U 94009A   19182.21794118 -.00000268  00000-0  00000+0 0  9991
2 22988  13.5510  55.1734 0002388  39.5300 223.9392  1.00270968  6146
ASTRA 1D                
1 23331U 94070A   19182.19915300 -.00000266  00000-0  00000+0 0  9995
2 23331   8.6239  44.3284 0002936  53.6103 179.7166  1.00273710 90664
UFO 4 (USA 108)         
1 23467U 95003A   19182.33971876 -.00000022  00000-0  00000+0 0  9998
2 23467   9.9032  22.7965 0004591  68.5959 122.1715  1.00271459 89464
AMSC 1                  
1 23553U 95019A   19181.63807449 -.00000095  00000-0  00000-0 0  9998
2 23553  10.9180  33.7968 0009074  31.5968 336.2072  1.00272147 88673
TDRS 7                  
1 23613U 95035B   19181.05511167 -.00000199  00000-0  00000+0 0  9992
2 23613  14.2423   7.6923 0031558  26.3551 348.4454  1.00272882 87641
USA 113                 
1 23628U 95038A   19182.51334035 -.00000337  00000-0  00000+0 0  9994
2 23628  11.1074  32.6792 0000884 336.9985 198.1525  1.00268794  6115
USA 115 (MILSTAR-1 2)   
1 23712U 95060A   19182.03907339 -.00000200  00000-0  00000+0 0  9992
2 23712  13.0199  22.9123 0002083  53.6780 126.2726  1.00274375  6147
INMARSAT 3-F1           
1 23839U 96020A   19181.94615678  .00000010  00000-0  00000+0 0  9998
2 23839   5.3920  64.0731 0005957  34.6005 225.1268  1.00271643 85116
ASTRA 1F                
1 23842U 96021A   19182.32757764  .00000146  00000-0  00000+0 0  9999
2 23842   0.0749 303.0740 0004664 161.9140 336.3085  1.00270747 84839
MSAT M1                 
1 23846U 96022A   19182.28229865 -.00000085  00000-0  00000+0 0  9998
2 23846   8.8068  43.7282 0007436  43.2765 186.1524  1.00272170 84939
INMARSAT 3-F2           
1 24307U 96053A   19182.49470146  .00000101  00000-0  00000+0 0  9996
2 24307   4.1571  73.9310 0006975  10.2383 209.5568  0.99998372 83522
AMC-1 (GE-1)            
1 24315U 96054A   19181.92035162  .00000072  00000-0  00000-0 0  9996
2 24315   3.1516  81.0388 0002719  17.1524  20.9284  1.00272023 83520
INMARSAT 3-F3           
1 24674U 96070A   19182.50920296  .00000038  00000-0  00000+0 0  9999
2 24674   4.8954  68.1371 0005383  29.7981 182.7594  1.00274683 82474
AMC-2 (GE-2)            
1 24713U 97002A   19182.14490295 -.00000210  00000-0  00000+0 0  9993
2 24713   5.7078  62.2077 0005400  39.1167 144.8954  1.00272950 32822
INTELSAT 26 (IS-26)     
1 24732U 97007A   19182.17421424  .00000019  00000-0  00000+0 0  9996
2 24732   8.5452  45.1077 0004559  21.3482 337.3829  1.00272730 81771
USA 130 (DSP 18)        
1 24737U 97008A   19181.80432781  .00000028  00000-0  00000-0 0  9990
2 24737  13.3785  22.8446 0000893 244.5772 308.3252  1.00271738  7424
GALAXY 25 (G-25)        
1 24812U 97026A   19182.41739267 -.00000268  00000-0  00000+0 0  9997
2 24812   1.1089  93.2775 0004937   1.2757 280.6541  1.00624504 80877
INTELSAT 5 (IS-5)       
1 24916U 97046A   19181.70380476  .00000095  00000-0  00000+0 0  9996
2 24916   5.0018  67.4557 0004462  15.3674 312.0080  1.00273273 80113
AMC-3 (GE-3)            
1 24936U 97050A   19181.86033330 -.00000253  00000-0  00000-0 0  9992
2 24936   1.9957  88.3197 0002368  11.0088  57.0261  1.00272269 26930
NSS-5                   
1 24957U 97053A   19181.74113161  .00000110  00000-0  00000-0 0  9997
2 24957   5.2718  65.6405 0004086  37.0469 133.1317  1.00273718 79672
USA 134                 
1 25019U 97065A   19182.27027218 -.00000060  00000-0  00000+0 0  9990
2 25019   9.8086  38.4369 0004319 299.5119 286.6438  1.00272409  6105
ASTRA 1G                
1 25071U 97076A   19182.02427837  .00000072  00000-0  00000+0 0  9996
2 25071   3.8619  75.1735 0003167  21.0273 248.4847  1.00271857 79031
INMARSAT 3-F5           
1 25153U 98006B   19182.41725403 -.00000285  00000-0  00000+0 0  9991
2 25153   4.0767  71.8903 0004694  28.0960 275.3762  1.00268342 78393
UFO 8 (USA 138)         
1 25258U 98016A   19182.41137625 -.00000022  00000-0  00000+0 0  9990
2 25258   8.3079  34.2453 0003130  31.2838 173.4473  1.00267323 78079
THOR III                
1 25358U 98035A   19164.93209017 -.00000058  00000-0  00000-0 0  9994
2 25358   6.6491  55.1618 0002682  24.6256 153.3934  1.00272413 77170
INTELSAT 805 (IS-805)   
1 25371U 98037A   19181.83660512 -.00000024  00000-0  00000-0 0  9993
2 25371   1.6399  90.5143 0003099  15.0956 283.2596  1.00272130 77046
ASTRA 2A                
1 25462U 98050A   19181.89461701 -.00000297  00000-0  00000-0 0  9996
2 25462   0.8048  97.3313 0002419 358.4557 244.9566  1.00270340 20869
JCSAT-4A                
1 25630U 99006A   19182.53313363 -.00000200  00000-0  00000+0 0  9990
2 25630   3.8436  76.1460 0005202   2.4886 182.5809  1.00271190 74503
SKYNET 4E               
1 25639U 99009B   19181.80267035 -.00000029  00000-0  00000-0 0  9995
2 25639  10.6740  23.2829 0002936  69.1712 113.8814  1.00274915 25896
ASIASAT 3S              
1 25657U 99013A   19182.54990493 -.00000233  00000-0  00000+0 0  9999
2 25657   4.0418  74.5295 0003564  10.1581 178.7338  1.00270450 74322
NIMIQ 1                 
1 25740U 99027A   19182.14455403 -.00000191  00000-0  00000+0 0  9993
2 25740   0.2761  96.6360 0005595  19.7814 127.9966  1.00272771 73704
ASTRA 1H                
1 25785U 99033A   19182.40538122 -.00000275  00000-0  00000+0 0  9991
2 25785   5.2561  65.7749 0003404  30.8287 261.3862  1.00275139 73281
ABS-7                   
1 25894U 99046A   19181.93615972 -.00000355  00000-0  00000-0 0  9992
2 25894   0.1532  97.6895 0002023  10.8771 263.2650  1.00274071 71628
ABS-6                   
1 25924U 99053A   19181.90639388 -.00000110  00000-0  00000-0 0  9997
2 25924   0.0301 322.1781 0003691 153.4162 288.4010  1.00277926 72379
TELSTAR 12 (ORION 2)    
1 25949U 99059A   19182.42716595 -.00000058  00000-0  00000+0 0  9994
2 25949   2.5112  86.6420 0002777  19.2301 217.8824  1.00271208 72021
AMC-4 (GE-4)            
1 25954U 99060A   19181.75118944  .00000096  00000-0  00000-0 0  9993
2 25954   0.0699 283.8115 0002350 169.3544 320.8786  1.00271677 18173
UFO 10 (USA 146)        
1 25967U 99063A   19182.37269396 -.00000181  00000-0  00000+0 0  9992
2 25967   7.4754  36.6862 0009070  36.9949 317.0783  1.00274498 71849
GALAXY 11 (G-11)        
1 26038U 99071A   19182.57782044 -.00000218  00000-0  00000+0 0  9994
2 26038   0.3986 104.1819 0002328  34.8643 274.3388  0.99984637 71585
USA 148                 
1 26052U 00001A   19181.83887326  .00000045  00000-0  00000+0 0  9999
2 26052   7.8769  48.6713 0002390  15.9412 336.2516  1.00271188  6111
ASIASTAR                
1 26107U 00016A   19181.93585878 -.00000328  00000-0  00000-0 0  9990
2 26107   3.2402  79.1613 0004284  18.1673 263.2998  1.00272716 70428
USA 149 (DSP 20)        
1 26356U 00024A   19181.76995687  .00000100  00000-0  00000+0 0  9995
2 26356  11.2566  29.0247 0001431  19.9989 341.5077  1.00259861  6109
EUTELSAT 80A            
1 26369U 00028A   19182.45852272  .00000127  00000-0  00000+0 0  9991
2 26369   2.6030  83.2019 0003918  20.8432  28.3277  1.00274027 69986
TDRS 8                  
1 26388U 00034A   19181.67702331 -.00000230  00000-0  00000+0 0  9998
2 26388   8.6837  50.0402 0012480 313.3846 248.0804  1.00272542 69661
INTELSAT 9 (IS-9)       
1 26451U 00043A   19181.81601743 -.00000004  00000-0  00000+0 0  9999
2 26451   4.9889  67.6529 0002767  28.5420 182.2890  1.00272114 69346
BRASILSAT B4            
1 26469U 00046A   19182.43056815 -.00000166  00000-0  00000+0 0  9993
2 26469   3.2131  80.8023 0003715   6.3074 255.0835  1.00272028 69135
ASTRA 2B                
1 26494U 00054A   19182.30924550  .00000121  00000-0  00000+0 0  9996
2 26494   3.7579  75.8154 0004604  21.4548 312.5028  1.00270257 68735
AMC-7 (GE-7)            
1 26495U 00054B   19182.56995490  .00000094  00000-0  00000+0 0  9995
2 26495   0.5041  95.4378 0003251  10.9646 243.0986  1.00273359 68760
NSS-11 (AAP-1)          
1 26554U 00059A   19182.69939123  .00000031  00000-0  00000+0 0  9992
2 26554   0.0129 329.9837 0002454 104.3656 272.8887  1.00272662 68683
USA 153                 
1 26575U 00065A   19181.86608667 -.00000321  00000-0  00000+0 0  9999
2 26575   7.3263  51.8520 0000778 355.2390 317.7090  1.00267767  6108
AMC-6 (GE-6)            
1 26580U 00067A   19182.48243709 -.00000209  00000-0  00000+0 0  9993
2 26580   0.0101   2.6883 0002485 114.1723 253.0712  1.00271008 68496
INTELSAT 12 (IS-12)     
1 26590U 00068A   19182.46175045  .00000018  00000-0  00000+0 0  9997
2 26590   2.1094  88.0200 0005421 356.8919  64.7627  1.00272028 68302
INTELSAT 1R (IS-1R)     
1 26608U 00072A   19182.50671250 -.00000133  00000-0  00000+0 0  9995
2 26608   1.9157  89.1023 0000389 340.1020 189.5743  1.00271398 68158
ANIK F1                 
1 26624U 00076A   19182.34457514 -.00000067  00000-0  00000+0 0  9990
2 26624   0.0164 100.3558 0002550  21.5736 173.9205  1.00272095 68222
ASTRA 2D                
1 26638U 00081A   19181.87568682  .00000033  00000-0  00000-0 0  9990
2 26638   5.0924  66.5474 0001901  16.6085 155.8615  1.00271603 27400
AMC-8 (GE-8)            
1 26639U 00081B   19182.53313939  .00000111  00000-0  00000+0 0  9994
2 26639   0.0406  80.4677 0000672  81.8675 169.8799  1.00272895 67781
SKYNET 4F               
1 26695U 01005B   19182.44212236 -.00000249  00000-0  00000+0 0  9994
2 26695   9.6589  31.7722 0002534  55.9755 316.6010  1.00275437 67389
USA 157 (MILSTAR-2 2)   
1 26715U 01009A   19182.18346118 -.00000362  00000-0  00000+0 0  9995
2 26715   9.0074  32.2391 0001442  82.2338 341.4983  1.00267804  6141
EUTELSAT 33C            
1 26719U 01011A   19182.13535265  .00000084  00000-0  00000+0 0  9990
2 26719   1.1572  90.6953 0005148   7.1718  96.8901  1.00270914 67074
INTELSAT 10 (IS-10)     
1 26766U 01019A   19182.09953043  .00000130  00000-0  00000+0 0  9995
2 26766   3.1065  81.2600 0003276   1.2613 279.6772  1.00270882 66428
INTELSAT 901 (IS-901)   
1 26824U 01024A   19181.86879517 -.00000207  00000-0  00000-0 0  9990
2 26824   1.0880  93.1220 0002971  14.7881  93.9870  1.00269897 66185
ASTRA 2C                
1 26853U 01025A   19182.24771649  .00000142  00000-0  00000+0 0  9999
2 26853   2.0221  88.0560 0002519   8.1898 295.6180  1.00272406 66084
USA 159 (DSP 21)        
1 26880U 01033A   19182.42530604 -.00000295  00000-0  00000+0 0  9992
2 26880  10.4360  32.7492 0001523 155.9249 194.5799  1.00274686  6119
INTELSAT 902 (IS-902)   
1 26900U 01039A   19182.34285477  .00000040  00000-0  00000+0 0  9994
2 26900   0.0252  83.7186 0003002  17.5309   3.2649  1.00272605 65278
EUTELSAT 12 WEST B      
1 26927U 01042A   19182.37470037 -.00000094  00000-0  00000+0 0  9998
2 26927   0.2619  93.1592 0006602 359.4113 308.9464  1.00271105 65030
DIRECTV 4S              
1 26985U 01052A   19182.51995508 -.00000107  00000-0  00000+0 0  9999
2 26985   0.0221  15.1939 0002306  71.8327 278.2462  1.00270410 64505
USA 164 (MILSTAR-2 3)   
1 27168U 02001A   19181.80659595  .00000105  00000-0  00000-0 0  9990
2 27168   8.4165  33.4066 0001823  71.5583 122.9180  1.00272631  7456
ECHOSTAR 7              
1 27378U 02006A   19182.06638079  .00000007  00000-0  00000+0 0  9991
2 27378   0.0299 302.6897 0001868 116.2998 124.9411  1.00270466 63561
INTELSAT 904 (IS-904)   
1 27380U 02007A   19182.37635786 -.00000050  00000-0  00000+0 0  9990
2 27380   0.6389  97.1129 0002351   1.0818 312.5156  1.00148656 63593
TDRS 9                  
1 27389U 02011A   19182.47274473 -.00000283  00000-0  00000+0 0  9995
2 27389   6.7659  70.7508 0020428 264.7389  51.4192  1.00263487 64942
JCSAT 2A                
1 27399U 02015A   19181.90177037 -.00000301  00000-0  00000-0 0  9997
2 27399   2.0999  87.9304 0002196 165.4029 125.9652  1.00269440 63394
ASTRA 3A                
1 27400U 02015B   19182.43959252 -.00000280  00000-0  00000+0 0  9991
2 27400   5.2325  65.2725 0002293  31.0962 294.0858  1.00274416 63220
INTELSAT 903 (IS-903)   
1 27403U 02016A   19182.21659774 -.00000218  00000-0  00000+0 0  9998
2 27403   1.4729  91.5601 0002761  18.3917 215.5037  1.00271384 63141
NSS-7                   
1 27414U 02019A   19182.44500116 -.00000153  00000-0  00000+0 0  9991
2 27414   3.4648  78.9645 0002321  18.4841 321.9530  1.00272031 63062
DIRECTV 5 (TEMPO 1)     
1 27426U 02023A   19181.70912615 -.00000048  00000-0  00000+0 0  9991
2 27426   0.0245  31.0957 0003312  80.5649 311.9898  1.00270882 62814
INTELSAT 905 (IS-905)   
1 27438U 02027A   19181.93521639 -.00000176  00000-0  00000-0 0  9998
2 27438   0.4572  98.5435 0002263  19.9131 112.4482  1.00272345 62469
EXPRESS-A4              
1 27441U 02029A   19181.92370747 -.00000244  00000-0  00000-0 0  9991
2 27441   7.2766  52.1314 0016211  76.2986 268.2835  1.00276779 62464
GALAXY 3C (G-3C)        
1 27445U 02030A   19182.07109153 -.00000143  00000-0  00000+0 0  9992
2 27445   0.0187 323.2495 0001975   3.6494 242.4953  1.00269599 62453
EUTELSAT 5 WEST A       
1 27460U 02035A   19181.87368038 -.00000034  00000-0  00000-0 0  9990
2 27460   0.0199 347.2362 0006166 108.3673 132.5566  1.00271503 62111
N-STAR C                
1 27461U 02035B   19181.97330007 -.00000309  00000-0  00000+0 0  9991
2 27461   5.9928  60.8300 0005495  20.6309 323.6640  1.00269463 62154
METEOSAT-8 (MSG-1)      
1 27509U 02040B   19182.20028433  .00000141  00000-0  00000+0 0  9997
2 27509   6.1142  55.5376 0001308  19.2449 317.6304  1.00275478 61747
INTELSAT 906 (IS-906)   
1 27513U 02041A   19182.38996666  .00000021  00000-0  00000+0 0  9991
2 27513   0.0087 133.3228 0002727 353.8219 356.5466  1.00271697 61472
HISPASAT 30W-4          
1 27528U 02044A   19182.15119012 -.00000210  00000-0  00000+0 0  9998
2 27528   0.2625  93.2748 0004128  22.9499 186.9526  1.00271456 61442
TDRS 10                 
1 27566U 02055A   19181.84061797  .00000095  00000-0  00000-0 0  9994
2 27566   6.3010  55.2062 0007310 312.9560  42.0994  1.00264034 60728
NSS-6                   
1 27603U 02057A   19182.64740579 -.00000145  00000-0  00000+0 0  9995
2 27603   0.0643  97.7881 0003205 252.5560  77.5011  0.99845210 60597
NIMIQ 2                 
1 27632U 02062A   19182.32363943 -.00000239  00000-0  00000+0 0  9998
2 27632   3.5737  78.2816 0008062   4.4666  44.3368  1.00269991 60372
INTELSAT 907 (IS-907)   
1 27683U 03007A   19182.15119012 -.00000195  00000-0  00000+0 0  9992
2 27683   0.0130   9.1205 0002011  95.9474 200.7711  1.00270791 59886
USA 167                 
1 27691U 03008A   19181.75118944  .00000060  00000-0  00000+0 0  9990
2 27691   5.9911  60.7357 0003054 345.9294  12.3108  1.00270391  6114
USA 169 (MILSTAR-2 4)   
1 27711U 03012A   19181.70711972 -.00000004  00000-0  00000+0 0  9992
2 27711   8.5422  47.1958 0003450  45.1895 320.6573  1.00274209  6141
GALAXY 12 (G-12)        
1 27715U 03013B   19181.70537500  .00000066  00000-0  00000+0 0  9997
2 27715   0.6743  95.5832 0002338  20.5132 287.3098  1.00272179 59500
ASIASAT 4               
1 27718U 03014A   19181.88937253  .00000161  00000-0  00000-0 0  9996
2 27718   0.0306  67.9969 0001410  64.5133 144.4578  1.00276409 19798
HELLAS-SAT 2            
1 27811U 03020A   19182.50179174 -.00000145  00000-0  00000+0 0  9999
2 27811   1.0944  96.3111 0002612 353.3933 274.9955  1.00272159 58843
THURAYA-2               
1 27825U 03026A   19181.73982309  .00000134  00000-0  00000+0 0  9993
2 27825   5.5765  31.8410 0004729  62.3160 134.6699  1.00273429 58831
OPTUS C1                
1 27831U 03028B   19182.57103252 -.00000145  00000-0  00000+0 0  9990
2 27831   0.5991  99.4746 0005618 356.2549 184.8355  1.00269693 58823
ECHOSTAR 12 (RAINBOW 1) 
1 27852U 03033A   19182.48243709 -.00000193  00000-0  00000+0 0  9994
2 27852   0.0398 293.3061 0001649 127.6456 305.5711  1.00272516 58459
GALAXY 23 (G-23)        
1 27854U 03034A   19181.74563250  .00000021  00000-0  00000+0 0  9990
2 27854   0.0079  44.5217 0003116  57.3638 324.0528  1.00272385 63045
USA 170                 
1 27875U 03040A   19182.44055212 -.00000269  00000-0  00000+0 0  9997
2 27875   5.1895  66.2623 0003803  45.8341 283.4136  1.00270429  6124
GALAXY 13 (HORIZONS 1)  
1 27954U 03044A   19182.47132875  .00000054  00000-0  00000+0 0  9994
2 27954   0.0275  91.1638 0000059  86.6723 144.0510  1.00274906 57665
YAMAL 202               
1 28089U 03053A   19181.88441041  .00000127  00000-0  00000-0 0  9998
2 28089   0.0512  85.7443 0002186 197.9972   2.2975  1.00274656 57175
UFO 11 (USA 174)        
1 28117U 03057A   19182.10502630 -.00000096  00000-0  00000+0 0  9997
2 28117   5.7059  36.8830 0003630 345.7129   9.4028  1.00270592 56929
USA 176 (DSP 22)        
1 28158U 04004A   19182.10729443 -.00000215  00000-0  00000+0 0  9991
2 28158   8.7168  41.2350 0000646  11.6603 351.8597  1.00276391  6119
ABS-4 (MOBISAT-1)       
1 28184U 04007A   19182.38935601  .00000048  00000-0  00000+0 0  9991
2 28184   0.0013   7.6573 0001884  86.9395  25.7532  1.00271067 56085
EUTELSAT 7A             
1 28187U 04008A   19181.94782715  .00000056  00000-0  00000+0 0  9991
2 28187   0.0689 344.8768 0004639 136.2730 145.7777  1.00275642 56078
DIRECTV 7S              
1 28238U 04016A   19182.52962508  .00000008  00000-0  00000+0 0  9999
2 28238   0.0328 297.9005 0002696 162.6201 250.3599  1.00271553 55569
AMC-11 (GE-11)          
1 28252U 04017A   19182.13570159  .00000076  00000-0  00000+0 0  9995
2 28252   0.0136   0.9218 0002332 100.5066  95.3183  1.00272565 55208
INTELSAT 10-02          
1 28358U 04022A   19181.87446552 -.00000003  00000-0  00000-0 0  9999
2 28358   0.0212  37.6052 0002525  75.1741 119.6883  1.00271707 55152
APSTAR 5 (TELSTAR 18)   
1 28364U 04024A   19182.72893736 -.00000132  00000-0  00000+0 0  9995
2 28364   0.6014  97.1608 0004179 309.9859 228.8312  0.99681498 55056
ANIK F2                 
1 28378U 04027A   19181.38708682 -.00000041  00000-0  00000+0 0  9998
2 28378   0.0172 315.4173 0000237 334.2930  16.7271  1.00271719 54843
AMC-15                  
1 28446U 04041A   19181.85370337 -.00000080  00000-0  00000-0 0  9998
2 28446   0.0206 338.6235 0002511 124.3299  17.9485  1.00271807 53876
AMC-16                  
1 28472U 04048A   19182.24155247 -.00000199  00000-0  00000+0 0  9999
2 28472   0.0185 330.3141 0002346 121.7668 188.8862  1.00271449 53311
NSS-10 (AMC-12)         
1 28526U 05003A   19182.16124022 -.00000243  00000-0  00000+0 0  9999
2 28526   0.2078  96.8132 0002456 346.9716 215.7394  1.00272126 52812
XTAR-EUR                
1 28542U 05005A   19181.14752731  .00000160  00000-0  00000+0 0  9997
2 28542   0.0537  95.3097 0002227 356.2067 268.5148  1.00270482 52671
XM-3 (RHYTHM)           
1 28626U 05008A   19182.24155250 -.00000198  00000-0  00000+0 0  9990
2 28626   0.0194 200.0064 0000468 333.8939 106.9493  1.00270948 52569
INMARSAT 4-F1           
1 28628U 05009A   19182.48660542 -.00000256  00000-0  00000+0 0  9999
2 28628   3.0258  23.1415 0003130  84.9155 129.8686  1.00270209 52166
APSTAR 6                
1 28638U 05012A   19182.47562096 -.00000313  00000-0  00000+0 0  9992
2 28638   0.8596  95.2103 0002086  26.8425 102.2117  1.00272522 76918
SPACEWAY 1              
1 28644U 05015A   19182.13413135  .00000111  00000-0  00000+0 0  9999
2 28644   0.3147  97.5779 0000125 275.4536 175.2523  1.00271013 52013
DIRECTV 8               
1 28659U 05019A   19182.51995341 -.00000109  00000-0  00000+0 0  9993
2 28659   0.0261  37.8871 0002707  61.4299 266.3859  1.00270597 51693
GALAXY 28 (G-28)        
1 28702U 05022A   19182.48243709 -.00000179  00000-0  00000+0 0  9993
2 28702   0.0436  70.6943 0002500  75.3294 217.9208  1.00268592 51334
EXPRESS-AM3             
1 28707U 05023A   19182.46951444 -.00000316  00000-0  00000+0 0  9992
2 28707   1.0228  93.4443 0000203 294.9036 162.9178  1.00270957 51342
THAICOM 4               
1 28786U 05028A   19182.07966170 -.00000355  00000-0  00000+0 0  9996
2 28786   0.0159  54.4263 0002149  42.9573 329.6290  1.00271856 50824
GALAXY 14 (G-14)        
1 28790U 05030A   19182.47132875  .00000043  00000-0  00000+0 0  9998
2 28790   0.0177 308.0728 0002342 150.0254 225.8081  1.00270854 50816
ANIK F1R                
1 28868U 05036A   19182.10131062 -.00000067  00000-0  00000+0 0  9994
2 28868   0.0143 351.0026 0002389  76.3633 140.6697  1.00271207 50658
GALAXY 15 (G-15)        
1 28884U 05041A   19182.42025809  .00000085  00000-0  00000+0 0  9993
2 28884   0.0368 289.4172 0001906 163.8677 204.1758  1.00275760 50129
SYRACUSE 3A             
1 28885U 05041B   19182.45834826  .00000136  00000-0  00000+0 0  9991
2 28885   0.0422  69.1088 0003597  48.3557  13.7030  1.00272683 50232
INMARSAT 4-F2           
1 28899U 05044A   19182.51425414  .00000015  00000-0  00000+0 0  9991
2 28899   2.8548  26.0855 0003162  87.9733  54.2511  1.00272154 50005
TELKOM 2                
1 28902U 05046A   19182.52757635 -.00000131  00000-0  00000+0 0  9992
2 28902   0.0090 317.5647 0001057 109.3593 199.2686  1.00272411 49741
SPACEWAY 2              
1 28903U 05046B   19182.36887837 -.00000119  00000-0  00000+0 0  9999
2 28903   0.0480 189.3727 0000567   7.8611 115.6241  1.00271449 49993
INSAT-4A                
1 28911U 05049A   19182.46550160 -.00000158  00000-0  00000+0 0  9991
2 28911   0.0847 274.0440 0000816 295.3088 320.4690  1.00269971 49599
METEOSAT-9 (MSG-2)      
1 28912U 05049B   19182.27284448  .00000026  00000-0  00000+0 0  9997
2 28912   3.6903  71.2209 0001631 357.2737 312.4426  1.00279071 49575
EUTELSAT 174A           
1 28924U 05052A   19181.90935990  .00000017  00000-0  00000-0 0  9999
2 28924   0.0634  12.1427 0005735  87.7224 320.1727  1.00270993 26840
ECHOSTAR 10             
1 28935U 06003A   19181.85274378 -.00000047  00000-0  00000-0 0  9992
2 28935   0.0385 134.6201 0001484 279.7819  61.0351  1.00271436 48981
HIMAWARI-7 (MTSAT-2)    
1 28937U 06004A   19182.53313363 -.00000236  00000-0  00000+0 0  9998
2 28937   0.0453 113.6220 0003726 346.2499 156.3838  1.00271521 48851
SPAINSAT                
1 28945U 06007A   19181.31094569 -.00000207  00000-0  00000+0 0  9997
2 28945   0.0502 243.7903 0003015 243.8563 232.3865  1.00273140 48723
EUTE HOT BIRD 13E (HB 7A
1 28946U 06007B   19182.23620817  .00000094  00000-0  00000+0 0  9994
2 28946   0.0225 110.7476 0005068  21.3392 244.9459  1.00272845 48801
JCSAT-5A                
1 29045U 06010A   19182.06855015 -.00000320  00000-0  00000+0 0  9993
2 29045   0.0281 277.9005 0001655 206.6706 310.9953  1.00271598 48440
ASTRA 1KR               
1 29055U 06012A   19181.87847836  .00000127  00000-0  00000-0 0  9991
2 29055   0.0583 267.7497 0001642 258.6118  87.6811  1.00270412 20230
GOES 13                 
1 29155U 06018A   19182.50868338 -.00000276  00000-0  00000+0 0  9994
2 29155   0.1717 285.9840 0011987 143.9024 331.9649  1.00257868 48021
EUTELSAT 113 WEST A     
1 29162U 06020A   19182.48929624 -.00000031  00000-0  00000+0 0  9997
2 29162   0.0071  93.1852 0003095   7.4051 241.7829  1.00272066 47976
THAICOM 5               
1 29163U 06020B   19182.46462924 -.00000115  00000-0  00000+0 0  9994
2 29163   0.0143  77.8215 0002508  48.5351  38.6282  1.00271681 48032
GALAXY 16 (G-16)        
1 29236U 06023A   19181.85492466 -.00000118  00000-0  00000-0 0  9998
2 29236   0.0234  15.8130 0002398  91.2322  20.3431  1.00270082 47725
EUTELSAT HOT BIRD 13B   
1 29270U 06032A   19182.20623668  .00000094  00000-0  00000+0 0  9997
2 29270   0.0639  16.1549 0003221  68.2319 281.8343  1.00273954 47363
JCSAT-3A                
1 29272U 06033A   19182.07410444 -.00000337  00000-0  00000+0 0  9992
2 29272   0.0266 282.0205 0001880 174.6518 336.8398  1.00272390 47269
SYRACUSE 3B             
1 29273U 06033B   19181.87359316 -.00000036  00000-0  00000-0 0  9997
2 29273   0.0289  87.8866 0004986   4.9277 135.1082  1.00271572 47201
KOREASAT 5 (MUGUNGWHA 5)
1 29349U 06034A   19181.89723410 -.00000351  00000-0  00000-0 0  9994
2 29349   0.0187  45.4593 0001155  90.1157 219.1634  1.00272286 15819
DIRECTV 9S              
1 29494U 06043A   19182.36814876 -.00000107  00000-0  00000+0 0  9993
2 29494   0.0124  42.1545 0002962  61.5980 206.7997  1.00269338 46604
OPTUS D1                
1 29495U 06043B   19181.90639388 -.00000103  00000-0  00000-0 0  9993
2 29495   0.0296 287.1729 0003235 172.9312 304.8701  1.00272265 46617
XM-4 (BLUES)            
1 29520U 06049A   19182.04186161 -.00000015  00000-0  00000+0 0  9991
2 29520   0.0137 172.7338 0000037 179.4437 186.4304  1.00270967 46498
BADR-4                  
1 29526U 06051A   19181.87987413  .00000152  00000-0  00000-0 0  9991
2 29526   0.0509 336.5520 0002035  78.5666 206.2821  1.00269506 25784
WILDBLUE-1              
1 29643U 06054A   19181.85248206 -.00000041  00000-0  00000-0 0  9990
2 29643   0.0182  36.4214 0001493  70.6779   7.2427  1.00270780 28300
AMC-18                  
1 29644U 06054B   19182.53313970  .00000111  00000-0  00000+0 0  9994
2 29644   0.0008  12.6893 0002314  77.5735 241.9455  1.00271064 46054
MEASAT-3                
1 29648U 06056A   19182.46724632 -.00000235  00000-0  00000+0 0  9991
2 29648   0.0474 151.9659 0003105 326.9321  60.0436  1.00272948 46054
INSAT-4B                
1 30793U 07007A   19182.47117192 -.00000348  00000-0  00000+0 0  9994
2 30793   0.0195  75.5317 0003168  22.0509 102.5782  1.00270211 45067
SKYNET 5A               
1 30794U 07007B   19181.89365742 -.00000264  00000-0  00000-0 0  9994
2 30794   0.0642  10.1636 0004149 100.6374 224.7776  1.00273481 45193
ANIK F3                 
1 31102U 07009A   19182.53044131  .00000006  00000-0  00000+0 0  9990
2 31102   0.0164 342.9923 0001729 115.9417 252.6316  1.00270236 44845
ASTRA 1L                
1 31306U 07016A   19182.09386009  .00000127  00000-0  00000+0 0  9992
2 31306   0.0647 301.6068 0001022  63.7614 326.4871  1.00268911 44533
GALAXY 17 (G-17)        
1 31307U 07016B   19182.45466024 -.00000168  00000-0  00000+0 0  9995
2 31307   0.0121 343.5866 0003479 122.7314 245.5819  1.00271072 44583
ZHONGXING-6B            
1 31800U 07031A   19182.16440332 -.00000354  00000-0  00000+0 0  9999
2 31800   0.0127  69.4817 0003771  19.9038   4.2353  1.00269204 43971
DIRECTV 10              
1 31862U 07032A   19182.51804441 -.00000097  00000-0  00000+0 0  9996
2 31862   0.0293 237.4639 0000972  98.7854  26.7662  1.00271587 43916
SPACEWAY 3              
1 32018U 07036A   19182.14289653 -.00000144  00000-0  00000+0 0  9998
2 32018   0.0062 130.8055 0000145 123.4356 341.1655  1.00270731 43621
BSAT-3A                 
1 32019U 07036B   19181.93676149 -.00000342  00000-0  00000-0 0  9996
2 32019   0.0762 245.0593 0001476 304.1741 176.5541  1.00269483 25018
INSAT-4CR               
1 32050U 07037A   19182.32757764  .00000132  00000-0  00000+0 0  9994
2 32050   0.5170  96.3323 0003349 172.0941 176.4403  1.00270330 43350
OPTUS D2                
1 32252U 07044A   19181.90499810 -.00000175  00000-0  00000-0 0  9993
2 32252   0.0263 289.5221 0003413 170.3461 296.6002  1.00272966 43060
INTELSAT 11 (IS-11)     
1 32253U 07044B   19182.16606545 -.00000261  00000-0  00000+0 0  9993
2 32253   0.0014   0.4642 0001599 134.9600 160.3022  1.00270351 43027
WGS F1 (USA 195)        
1 32258U 07046A   19182.37836428  .00000048  00000-0  00000+0 0  9990
2 32258   0.0181  24.9976 0000305 173.4726 222.8722  1.00271338 42823
STAR ONE C1             
1 32293U 07056A   19182.13938086 -.00000269  00000-0  00000+0 0  9993
2 32293   0.0176  38.5332 0002682  59.5532 165.9981  1.00272063 42608
SKYNET 5B               
1 32294U 07056B   19182.19877969  .00000149  00000-0  00000+0 0  9998
2 32294   0.0669   3.4859 0003877  97.7393 274.3724  1.00269829 42692
ASTRA 4A (SIRIUS 4)     
1 32299U 07057A   19182.37810257  .00000040  00000-0  00000+0 0  9991
2 32299   0.0110 351.7771 0002662 110.4997 317.7934  1.00273625 42463
HORIZONS 2              
1 32388U 07063B   19181.89156375 -.00000175  00000-0  00000-0 0  9998
2 32388   0.0156  61.1785 0002740  37.8701 225.4259  1.00272213 42356
THURAYA-3               
1 32404U 08001A   19182.46864208 -.00000297  00000-0  00000+0 0  9999
2 32404   3.7968   3.8084 0004419  90.6619  91.9711  1.00270876 42038
EXPRESS-AM33            
1 32478U 08003A   19181.89391913 -.00000273  00000-0  00000-0 0  9991
2 32478   0.0460 205.6073 0000568   5.3814 125.9757  1.00270314 42100
THOR 5                  
1 32487U 08006A   19181.87446552 -.00000001  00000-0  00000-0 0  9991
2 32487   0.0148  20.2612 0002063  81.9489 130.4770  1.00271345 41800
AMC-14                  
1 32708U 08011A   19181.80650872  .00000080  00000-0  00000+0 0  9993
2 32708  20.3975  52.1820 0043664   4.0060 170.7253  1.00271611 42593
DIRECTV 11              
1 32729U 08013A   19181.85492466 -.00000117  00000-0  00000-0 0  9999
2 32729   0.0186 184.8289 0000354  76.4785 225.9126  1.00269805 20111
ICO G1                  
1 32763U 08016A   19181.64077881 -.00000165  00000-0  00000+0 0  9999
2 32763   3.6277   6.3568 0002158  92.3865 317.4826  1.00271119 40967
VINASAT-1               
1 32767U 08018A   19181.90098524 -.00000321  00000-0  00000-0 0  9996
2 32767   0.0126 350.0981 0001141 122.7891 262.0836  1.00271499 41105
STAR ONE C2             
1 32768U 08018B   19181.90675028 -.00000257  00000-0  00000-0 0  9995
2 32768   0.0437 131.1316 0002028   2.2716  41.7115  1.00271977 41174
TIANLIAN 1-01           
1 32779U 08019A   19182.46480372 -.00000134  00000-0  00000+0 0  9999
2 32779   3.3764  73.6827 0031417 250.9188 201.9341  1.00269349 40979
AMOS-3                  
1 32794U 08022A   19182.32939253 -.00000028  00000-0  00000+0 0  9994
2 32794   0.0203  46.4429 0001273  38.1785 308.9009  1.00272299 40955
GALAXY 18 (G-18)        
1 32951U 08024A   19181.70659630  .00000034  00000-0  00000-0 0  9997
2 32951   0.0251  31.2593 0002997  79.6721 298.9089  1.00271191 20382
CHINASAT 9 (ZX 9)       
1 33051U 08028A   19182.10842851 -.00000240  00000-0  00000+0 0  9996
2 33051   0.0226  20.9018 0003359  90.0908 299.1259  1.00270856 40516
SKYNET 5C               
1 33055U 08030A   19182.44543733 -.00000133  00000-0  00000+0 0  9998
2 33055   0.0600  25.0215 0003800  81.8965 314.8597  1.00271370 40403
TURKSAT 3A              
1 33056U 08030B   19182.45730142  .00000153  00000-0  00000+0 0  9993
2 33056   0.0703  89.7590 0005279   9.3243  26.7544  1.00273437 40583
INTELSAT 25 (IS-25)     
1 33153U 08034A   19182.21659774 -.00000217  00000-0  00000+0 0  9992
2 33153   0.0151  32.4577 0000168  90.0225 202.9763  1.00269842 40134
BADR-6                  
1 33154U 08034B   19181.87987413  .00000152  00000-0  00000-0 0  9996
2 33154   0.0664  52.3989 0004948  31.3559 177.6375  1.00273146 40252
ECHOSTAR 11             
1 33207U 08035A   19182.50365413 -.00000050  00000-0  00000+0 0  9994
2 33207   0.0184  89.1697 0002560   0.4796 260.9264  1.00271622 40160
SUPERBIRD-C2            
1 33274U 08038A   19182.53313363 -.00000246  00000-0  00000+0 0  9998
2 33274   0.0209  45.5258 0001123  72.1149 137.4964  1.00267119 39881
AMC-21                  
1 33275U 08038B   19182.47132875  .00000043  00000-0  00000+0 0  9993
2 33275   0.0221 326.7978 0002335 138.9422 218.2713  1.00270449 39969
INMARSAT 4-F3           
1 33278U 08039A   19182.52208483 -.00000135  00000-0  00000+0 0  9995
2 33278   3.0558   9.4657 0002872  95.5891 264.1845  1.00271918 39778
NIMIQ 4                 
1 33373U 08044A   19182.14542638 -.00000212  00000-0  00000+0 0  9994
2 33373   0.0292  55.0442 0002474  62.2008 132.0168  1.00265194 39336
GALAXY 19 (G-19)        
1 33376U 08045A   19182.52289588 -.00000133  00000-0  00000+0 0  9994
2 33376   0.0126 316.4980 0003291 155.5405 258.4769  1.00271336 39347
VENESAT-1               
1 33414U 08055A   19182.14621149 -.00000230  00000-0  00000+0 0  9997
2 33414   0.0056 124.2380 0001039 332.1951 157.0955  1.00271431 39053
ASTRA 1M                
1 33436U 08057A   19181.87847836  .00000128  00000-0  00000-0 0  9991
2 33436   0.0421 114.9561 0004741   4.1746 134.9393  1.00272410 20239
CIEL-2                  
1 33453U 08063A   19181.75118944  .00000066  00000-0  00000+0 0  9995
2 33453   0.0139 305.4580 0002702 150.8114 323.8251  1.00271525 38647
EUTELSAT HOT BIRD 13C   
1 33459U 08065A   19182.09263880  .00000095  00000-0  00000+0 0  9993
2 33459   0.0503  50.8125 0005575  51.3137 223.0900  1.00274530 38747
EUTELSAT 48D            
1 33460U 08065B   19182.17410587  .00000131  00000-0  00000+0 0  9993
2 33460   0.0488  27.5486 0002133  94.0116 268.1403  1.00274092 38617
FENGYUN 2E              
1 33463U 08066A   19182.10729443 -.00000193  00000-0  00000+0 0  9993
2 33463   3.6238  69.1939 0003069 260.4064  74.2558  1.00264692 38585
EXPRESS-AM44            
1 33595U 09007A   19181.92965924 -.00000081  00000-0  00000-0 0  9997
2 33595   0.0469 199.6166 0000555 254.1967 148.5573  1.00271998 38059
NSS-9                   
1 33749U 09008A   19181.83939667  .00000080  00000-0  00000+0 0  9991
2 33749   0.0247 329.5485 0001810 133.1197 301.1844  1.00270275 38064
EUTELSAT 33E            
1 33750U 09008B   19181.88126991  .00000163  00000-0  00000-0 0  9999
2 33750   0.0510  19.3480 0003796  82.3194 167.3010  1.00271460 37945
TELSTAR 11N             
1 34111U 09009A   19182.16124022 -.00000244  00000-0  00000+0 0  9997
2 34111   0.0264  28.8146 0002123  60.8691 209.7468  1.00268427 37917
EUTELSAT 10A            
1 34710U 09016A   19182.37914941  .00000075  00000-0  00000+0 0  9991
2 34710   0.0629  13.2961 0005283  85.3413 326.9646  1.00271266 37470
WGS F2 (USA 204)        
1 34713U 09017A   19182.46096532  .00000054  00000-0  00000+0 0  9999
2 34713   0.0184  22.0935 0000490 221.4045 261.8895  1.00271530 37441
SES-7 (PROTOSTAR 2)     
1 34941U 09027A   19182.08521601 -.00000337  00000-0  00000+0 0  9996
2 34941   0.0232  76.6399 0000682 112.3898 228.7637  1.00269436 37127
MEASAT-3A               
1 35362U 09032A   19182.09563352 -.00000234  00000-0  00000+0 0  9996
2 35362   0.0515 193.4540 0001770 331.4753 239.8606  1.00270017 36730
GOES 14                 
1 35491U 09033A   19182.49987255 -.00000085  00000-0  00000+0 0  9990
2 35491   0.3074 102.6075 0007575 116.3318 135.6150  1.00269645 36650
SIRIUS FM-5             
1 35493U 09034A   19182.48243709 -.00000194  00000-0  00000+0 0  9992
2 35493   0.0243 304.3235 0000621  67.4854 354.9677  1.00270978 36484
TERRESTAR-1             
1 35496U 09035A   19181.85256931 -.00000049  00000-0  00000-0 0  9997
2 35496   2.5035   5.0681 0002734  94.7849  14.6794  1.00272291 36678
ASIASAT 5               
1 35696U 09042A   19181.89470425 -.00000300  00000-0  00000-0 0  9997
2 35696   0.0222 296.9326 0001819 132.3783 271.9458  1.00273310 36181
JCSAT-RA (JCSAT-12)     
1 35755U 09044A   19181.90831307 -.00000024  00000-0  00000-0 0  9990
2 35755   0.0738 267.6297 0001948 199.0761 307.8505  1.00271219 36100
OPTUS D3                
1 35756U 09044B   19182.57103328 -.00000141  00000-0  00000+0 0  9999
2 35756   0.0280  29.8935 0003082  52.2687 198.7498  1.00271130 36131
PALAPA D                
1 35812U 09046A   19180.91491492 -.00000348  00000-0  00000+0 0  9991
2 35812   0.0372  91.9832 0002101  39.7559 228.2846  1.00271740 36167
NIMIQ 5                 
1 35873U 09050A   19181.86015882 -.00000249  00000-0  00000-0 0  9994
2 35873   0.0127  61.3683 0002947  43.7204  50.4967  1.00272058 35865
AMAZONAS 2              
1 35942U 09054A   19182.40452057 -.00000276  00000-0  00000+0 0  9994
2 35942   0.0431 152.6051 0004534 324.1236 247.0738  1.00272553 35688
COMSATBW-1              
1 35943U 09054B   19182.46157598  .00000031  00000-0  00000+0 0  9991
2 35943   0.0339  31.9217 0002851  66.8422  49.6444  1.00270278 35767
NSS-12                  
1 36032U 09058A   19182.46035468  .00000078  00000-0  00000+0 0  9997
2 36032   0.0142  31.4318 0002762  81.4444  29.0564  1.00271673 35433
THOR 6                  
1 36033U 09058B   19182.16165226 -.00000002  00000-0  00000+0 0  9999
2 36033   0.0377 135.4796 0001505 328.6011 232.1961  1.00271944 35461
INTELSAT 14 (IS-14)     
1 36097U 09064A   19182.43994147 -.00000267  00000-0  00000+0 0  9991
2 36097   0.0219  34.5165 0002253  70.6365 287.4326  1.00268945 35209
EUTELSAT 36B            
1 36101U 09065A   19181.88967347  .00000163  00000-0  00000-0 0  9993
2 36101   0.0630  10.5242 0004082  87.0289 177.2748  1.00270006 35228
INTELSAT 15 (IS-15)     
1 36106U 09067A   19182.10703274 -.00000178  00000-0  00000+0 0  9999
2 36106   0.0166  62.0488 0002033  42.9033 297.6066  1.00271801 35103
WGS F3 (USA 211)        
1 36108U 09068A   19182.37478760 -.00000089  00000-0  00000+0 0  9991
2 36108   0.0177   8.6359 0000438 220.2171 173.2337  1.00272289 35023
DIRECTV 12              
1 36131U 09075A   19182.32822728 -.00000096  00000-0  00000+0 0  9995
2 36131   0.0551 202.9312 0000725 348.4025 103.1190  1.00271350 34883
BEIDOU 3                
1 36287U 10001A   19182.08531428 -.00000276  00000-0  00000+0 0  9995
2 36287   1.3927 358.7091 0003653 149.6041 301.2790  1.00267536 34677
RADUGA-1M 2             
1 36358U 10002A   19182.10694549 -.00000176  00000-0  00000+0 0  9991
2 36358   0.0296 252.4464 0001710 230.4660 279.4540  1.00271331 34513
SDO                     
1 36395U 10005A   19182.33482594 -.00000066  00000-0  00000+0 0  9993
2 36395  29.7546 127.3288 0001782  20.5434 150.0072  1.00271405 34538
INTELSAT 16 (IS-16)     
1 36397U 10006A   19182.53362494 -.00000238  00000-0  00000+0 0  9995
2 36397   0.0112 318.9035 0002132 162.6658 273.6281  1.00269606 34247
GOES 15                 
1 36411U 10008A   19182.54328771  .00000058  00000-0  00000+0 0  9994
2 36411   0.2392 100.6668 0002345  22.2347 224.1209  1.00281059 34175
ECHOSTAR 14             
1 36499U 10010A   19182.52962451  .00000007  00000-0  00000+0 0  9994
2 36499   0.0191 338.8373 0002847 120.4077 251.8069  1.00271765 34042
SES-1                   
1 36516U 10016A   19182.51995413 -.00000108  00000-0  00000+0 0  9996
2 36516   0.0106  12.0392 0002158  92.7972 260.6325  1.00271293 33644
ASTRA 3B                
1 36581U 10021A   19182.31003062  .00000144  00000-0  00000+0 0  9991
2 36581   0.0479 318.6424 0003344 150.2257 305.2776  1.00271434 33153
COMSATBW-2              
1 36582U 10021B   19181.85009628  .00000096  00000-0  00000+0 0  9990
2 36582   0.0254  48.0423 0002659  64.5655 125.1998  1.00271997 33480
BADR-5                  
1 36592U 10025A   19182.31055404  .00000152  00000-0  00000+0 0  9993
2 36592   0.0474 113.7418 0004808  15.9524 287.1522  1.00272754 33408
COMS 1                  
1 36744U 10032A   19182.47448689 -.00000338  00000-0  00000+0 0  9995
2 36744   0.0391  95.6563 0000534  12.8056 109.7447  1.00270066 33153
ARABSAT-5A              
1 36745U 10032B   19182.18521755  .00000161  00000-0  00000+0 0  9993
2 36745   0.0766  56.3751 0005036  54.0630 265.5903  1.00271153 33135
ECHOSTAR 15             
1 36792U 10034A   19181.90705122 -.00000273  00000-0  00000-0 0  9994
2 36792   0.0248 298.4526 0001401 152.3478  92.7629  1.00270262 32836
NILESAT 201             
1 36830U 10037A   19182.30401135 -.00000051  00000-0  00000+0 0  9995
2 36830   0.0194 144.4130 0005870 313.9934 283.0986  1.00270020 32794
RASCOM-QAF 1R           
1 36831U 10037B   19181.87525064  .00000026  00000-0  00000-0 0  9997
2 36831   0.0129 107.5169 0004740 357.4149 131.6774  1.00271190 32793
AEHF-1 (USA 214)        
1 36868U 10039A   19182.37792810  .00000032  00000-0  00000+0 0  9996
2 36868   1.9220 105.1848 0003928 343.4556 330.5276  1.00270205 32947
CHINASAT 6A (ZX 6A)     
1 37150U 10042A   19181.89958947 -.00000346  00000-0  00000-0 0  9996
2 37150   0.0278 234.5313 0001745 301.8267 191.2431  1.00271518 32405
QZS-1 (MICHIBIKI-1)     
1 37158U 10045A   19181.75744653 -.00000094  00000-0  00000-0 0  9999
2 37158  41.3392 148.6108 0759096 270.6781 270.7345  1.00271050 32248
XM-5                    
1 37185U 10053A   19182.24155247 -.00000198  00000-0  00000+0 0  9992
2 37185   0.0116 358.0069 0000904 291.1054 351.6364  1.00271439 31942
BSAT-3B                 
1 37207U 10056B   19182.08521601 -.00000343  00000-0  00000+0 0  9995
2 37207   0.0834 302.6643 0001311  56.7969  59.9290  1.00272552 31774
BEIDOU 6                
1 37210U 10057A   19182.24631637 -.00000105  00000-0  00000+0 0  9995
2 37210   0.8285  47.5288 0002483 120.9687 359.2090  1.00272352 31781
SKYTERRA 1              
1 37218U 10061A   19182.10191185 -.00000108  00000-0  00000+0 0  9995
2 37218   2.3850 346.3657 0001577 200.9887  26.8865  1.00271213 31724
ZHONGXING-20A           
1 37234U 10064A   19182.11247167 -.00000342  00000-0  00000+0 0  9999
2 37234   0.0547 135.9981 0000373  63.4014 246.4625  1.00268987 31536
HYLAS 1                 
1 37237U 10065A   19182.37356632 -.00000136  00000-0  00000+0 0  9990
2 37237   0.0383 307.3891 0001828 143.8371 304.1187  1.00271615 31512
INTELSAT 17 (IS-17)     
1 37238U 10065B   19182.46209941  .00000005  00000-0  00000+0 0  9995
2 37238   0.0093 107.4862 0002790   7.5067  36.5777  1.00271534 31426
EUTELSAT KA-SAT 9A      
1 37258U 10069A   19181.87647193  .00000069  00000-0  00000-0 0  9991
2 37258   0.0155   7.6413 0006106  52.2740 183.2306  1.00271105 18539
HISPASAT 30W-5          
1 37264U 10070A   19182.15119012 -.00000209  00000-0  00000+0 0  9992
2 37264   0.0542 112.5640 0005459   6.4628 184.3191  1.00270621 31160
KOREASAT 6              
1 37265U 10070B   19181.93615972 -.00000354  00000-0  00000-0 0  9996
2 37265   0.0239  75.8916 0001675   2.6513 293.1881  1.00273249 31263
BEIDOU 8                
1 37384U 11013A   19182.21830721 -.00000206  00000-0  10000-3 0  9999
2 37384  58.7906  65.2069 0039180 206.7868 201.9868  1.00251882 30181
INTELSAT NEW DAWN       
1 37392U 11016A   19182.09656441  .00000163  00000-0  00000+0 0  9998
2 37392   0.0393 149.0318 0001820 282.5695 274.8213  1.00260674 30012
YAHSAT 1A               
1 37393U 11016B   19182.32202328  .00000108  00000-0  00000+0 0  9995
2 37393   0.0263  30.2445 0002691  88.6658 328.6137  1.00272915 30061
SBIRS GEO-1 (USA 230)   
1 37481U 11019A   19182.46218663  .00000001  00000-0  00000+0 0  9992
2 37481   2.4937 332.0711 0002721 121.3285  58.4029  1.00272104 29849
TELSTAR 14R             
1 37602U 11021A   19181.86207802 -.00000272  00000-0  00000-0 0  9998
2 37602   0.0225 335.4529 0002719  70.6184 119.9085  1.00271169 30323
GSAT-8                  
1 37605U 11022A   19182.16854854  .00000092  00000-0  00000+0 0  9999
2 37605   0.0373 102.2656 0002481 174.9845 117.3784  1.00271924 29740
ST-2                    
1 37606U 11022B   19181.87795868 -.00000203  00000-0  00000+0 0  9991
2 37606   0.0154  77.9103 0001362  67.9629 176.8450  1.00270584 29742
CHINASAT 10 (ZX 10)     
1 37677U 11026A   19182.17934775 -.00000345  00000-0  00000+0 0  9996
2 37677   0.0533 268.9733 0003682 244.0955 300.9731  1.00270084 29465
TIANLIAN 1-02           
1 37737U 11032A   19182.69843163 -.00000013  00000-0  00000+0 0  9999
2 37737   2.7404  74.0567 0012056  99.1578 168.7171  1.00269605 29223
GSAT-12                 
1 37746U 11034A   19182.10659656 -.00000157  00000-0  00000+0 0  9998
2 37746   0.0223  20.8931 0006732  65.7570 313.5869  1.00270864 29450
SES-3                   
1 37748U 11035A   19181.85413955 -.00000093  00000-0  00000-0 0  9992
2 37748   0.0224  49.7953 0002657  53.8614  19.4551  1.00271315 29111
KAZSAT-2                
1 37749U 11035B   19182.10729443 -.00000190  00000-0  00000+0 0  9991
2 37749   0.0491 183.6654 0001111 325.9301 254.4027  1.00271999 29076
BEIDOU 9                
1 37763U 11038A   19181.11246557  .00000018  00000-0  10000-3 0  9993
2 37763  54.4317 188.7221 0065573 225.7359 358.1404  1.00284069 29130
ASTRA 1N                
1 37775U 11041A   19181.87847836  .00000128  00000-0  00000-0 0  9998
2 37775   0.0437  40.9826 0005026  23.2655 189.8429  1.00273709 19022
BSAT-3C (JCSAT-110R)    
1 37776U 11041B   19181.93676149 -.00000343  00000-0  00000-0 0  9993
2 37776   0.0329 291.7953 0000522 285.9964 148.1157  1.00271167 24989
PAKSAT-1R               
1 37779U 11042A   19181.88937253  .00000162  00000-0  00000-0 0  9995
2 37779   0.0531 220.0901 0004194 227.1547 189.5388  1.00269109 28970
CHINASAT 1A (ZX 1A)     
1 37804U 11047A   19181.85951972 -.00000329  00000-0  00000+0 0  9995
2 37804   0.0536 235.6263 0000718 207.9136 274.4191  1.00273183 28574
COSMOS 2473             
1 37806U 11048A   19182.44622245 -.00000101  00000-0  00000+0 0  9990
2 37806   0.0788 104.3254 0003663   4.4761 317.5459  1.00272058 28579
SES-2                   
1 37809U 11049A   19181.85728003 -.00000188  00000-0  00000-0 0  9993
2 37809   0.0266 307.9355 0002385 148.2763  44.0386  1.00271840 28518
ARABSAT-5C              
1 37810U 11049B   19182.18521755  .00000131  00000-0  00000+0 0  9993
2 37810   0.0595 359.6481 0003941 117.0335 248.8972  1.00272417 28412
EUTELSAT 7 WEST A       
1 37816U 11051A   19182.27418762 -.00000053  00000-0  00000+0 0  9999
2 37816   0.0568  13.0146 0005002 121.2744 236.1492  1.00271164 28479
QUETZSAT 1              
1 37826U 11054A   19182.07466819 -.00000234  00000-0  00000+0 0  9998
2 37826   0.0232  49.0692 0002521  51.8844 127.7654  1.00270850 28594
INTELSAT 18 (IS-18)     
1 37834U 11056A   19182.52455826  .00000059  00000-0  00000+0 0  9999
2 37834   0.0266  38.2303 0002335  72.5000 177.3846  1.00272118 28353
EUTELSAT 16A            
1 37836U 11057A   19181.87786771  .00000112  00000-0  00000-0 0  9996
2 37836   0.0656  24.5679 0004861  74.9046 151.1889  1.00273149 20493
VIASAT-1                
1 37843U 11059A   19182.54030351 -.00000017  00000-0  00000+0 0  9991
2 37843   0.0264  28.9383 0002228  66.7425 263.0217  1.00271501 28789
ASIASAT 7               
1 37933U 11069A   19182.25461495 -.00000327  00000-0  00000+0 0  9991
2 37933   0.0393  96.6908 0000871 335.7690  43.7199  1.00269631 27964
BEIDOU 10               
1 37948U 11073A   19182.51725817 -.00000165  00000-0  10000-3 0  9997
2 37948  52.1385 302.0581 0062275 208.8900  47.9001  1.00292165 27900
LUCH 5A                 
1 37951U 11074B   19182.25482588 -.00000040  00000-0  00000+0 0  9995
2 37951   2.5101 127.8393 0003561 328.7197  81.0763  1.00273573 27698
NIGCOMSAT 1R            
1 38014U 11077A   19182.45747589  .00000151  00000-0  00000+0 0  9998
2 38014   0.0378 159.9021 0003108 267.6065  58.9036  1.00273858 27539
FENGYUN 2F              
1 38049U 12002A   19182.54310052 -.00000351  00000-0  00000+0 0  9999
2 38049   1.2733  82.1320 0001621 120.0676  24.6717  1.00266552 27395
WGS F4 (USA 233)        
1 38070U 12003A   19182.46663566 -.00000208  00000-0  00000+0 0  9997
2 38070   0.0165   6.7319 0000323 232.3854 296.5101  1.00271482 27225
SES-4                   
1 38087U 12007A   19181.79848302 -.00000160  00000-0  00000-0 0  9995
2 38087   0.0103   7.4482 0002473  94.0090  82.5483  1.00271809 26753
BEIDOU 11               
1 38091U 12008A   19182.53249880  .00000062  00000-0  00000+0 0  9999
2 38091   1.4419  64.3663 0007736 293.5295 171.8662  1.00267566 26987
MUOS-1                  
1 38093U 12009A   19182.12645459  .00000074  00000-0  00000+0 0  9992
2 38093   2.6378 355.8547 0056299 176.0643 335.4735  1.00272996 26954
INTELSAT 22 (IS-22)     
1 38098U 12011A   19182.10441565 -.00000051  00000-0  00000+0 0  9996
2 38098   0.0275  52.8994 0002983  58.4258 277.2312  1.00269928 26554
APSTAR 7                
1 38107U 12013A   19182.10674236 -.00000094  00000-0  00000+0 0  9999
2 38107   0.0208  59.4659 0002526  42.8774 291.4655  1.00272124 26678
YAHSAT 1B               
1 38245U 12016A   19182.45843549  .00000133  00000-0  00000+0 0  9991
2 38245   0.0221  31.6550 0002209  75.4460  24.7455  1.00271450 26429
AEHF-2 (USA 235)        
1 38254U 12019A   19182.43549243 -.00000269  00000-0  00000+0 0  9997
2 38254   1.6005  30.0782 0005529  67.7612 270.5009  1.00276495 26180
JCSAT-13                
1 38331U 12023A   19181.97120640 -.00000348  00000-0  00000+0 0  9990
2 38331   0.0164  58.1396 0002323  56.8055 277.4263  1.00272069 26075
VINASAT-2               
1 38332U 12023B   19182.06855015 -.00000321  00000-0  00000+0 0  9994
2 38332   0.0106 356.3303 0001848 113.6841 325.3446  1.00272077 26119
NIMIQ 6                 
1 38342U 12026A   19181.85649493 -.00000165  00000-0  00000-0 0  9992
2 38342   0.0052   6.8227 0002318  89.5979  39.4320  1.00272788 24928
CHINASAT 2A (ZX 2A)     
1 38352U 12028A   19182.46855485 -.00000285  00000-0  00000+0 0  9995
2 38352   0.0532 231.7943 0002947 192.3368 122.0045  1.00268481 26143
INTELSAT 19 (IS-19)     
1 38356U 12030A   19181.86219417 -.00000049  00000-0  00000+0 0  9992
2 38356   0.0127 317.6757 0002767 145.7103 291.6390  1.00270801 26014
ECHOSTAR 17             
1 38551U 12035A   19181.46785413 -.00000067  00000-0  00000+0 0  9994
2 38551   0.0266  26.6680 0002022  71.5717 241.3219  1.00271102 25610
METEOSAT-10 (MSG-3)     
1 38552U 12035B   19182.30723907  .00000068  00000-0  00000+0 0  9999
2 38552   1.0342  24.2903 0000827 185.0917 189.5197  1.00274465 25728
SES-5                   
1 38652U 12036A   19181.87568682  .00000042  00000-0  00000-0 0  9992
2 38652   0.0554 106.1639 0001768 338.6280 154.0770  1.00272765 19002
TIANLIAN 1-03           
1 38730U 12040A   19181.87874007  .00000133  00000-0  00000-0 0  9996
2 38730   0.0756 266.9695 0001360 118.9454 229.4302  1.00276444 25485
INTELSAT 20 (IS-20)     
1 38740U 12043A   19182.39083902 -.00000018  00000-0  00000+0 0  9996
2 38740   0.0068  52.0209 0000958 151.6976 284.6205  1.00271386 25331
HYLAS 2                 
1 38741U 12043B   19182.18521755  .00000162  00000-0  00000+0 0  9996
2 38741   0.0193 339.2373 0001659 117.9612 279.4495  1.00272449 25350
INTELSAT 21 (IS-21)     
1 38749U 12045A   19182.15022435 -.00000278  00000-0  00000+0 0  9993
2 38749   0.0238  31.6560 0001762  70.0913 173.2484  1.00269317 25132
ASTRA 2F                
1 38778U 12051A   19181.88031031  .00000158  00000-0  00000-0 0  9990
2 38778   0.0751 232.8677 0001845 307.2749  83.5917  1.00271535 15668
GSAT-10                 
1 38779U 12051B   19181.89121481 -.00000157  00000-0  00000-0 0  9991
2 38779   0.0371 116.6246 0003336 330.4806 235.4120  1.00271229 24616
INTELSAT 23 (IS-23)     
1 38867U 12057A   19182.41819341 -.00000278  00000-0  00000+0 0  9996
2 38867   0.0140 312.4206 0001322 163.7206 260.6015  1.00272149 24619
BEIDOU 16               
1 38953U 12059A   19182.10677102 -.00000169  00000-0  00000+0 0  9996
2 38953   1.9056  83.1691 0002833 222.5686  95.5658  1.00269848 24547
LUCH 5B                 
1 38977U 12061A   19182.44604799 -.00000116  00000-0  00000+0 0  9996
2 38977   5.0300  69.8368 0004169 347.1684   8.3251  1.00273258 24673
YAMAL 300K              
1 38978U 12061B   19182.09494122  .00000078  00000-0  00000+0 0  9991
2 38978   0.0182  18.7437 0000242 347.7500 129.4831  1.00271793 24376
STAR ONE C3             
1 38991U 12062A   19182.10070763 -.00000241  00000-0  00000+0 0  9993
2 38991   0.0334  92.3369 0002452  13.3500 134.4294  1.00267922 24359
EUTELSAT 21B            
1 38992U 12062B   19182.30968168  .00000137  00000-0  00000+0 0  9994
2 38992   0.0660  25.3547 0002399  68.9469 317.8268  1.00273471 24372
ECHOSTAR 16             
1 39008U 12065A   19182.40392418 -.00000275  00000-0  00000+0 0  9990
2 39008   0.0266  38.8179 0002053  58.1638 266.0907  1.00268679 24312
CHINASAT 12 (ZX 12)     
1 39017U 12067A   19181.87795868 -.00000199  00000-0  00000-0 0  9994
2 39017   0.0318  89.5392 0002885   7.6470 225.0286  1.00271096 24004
EUTELSAT 70B            
1 39020U 12069A   19182.46305899 -.00000037  00000-0  00000+0 0  9997
2 39020   0.0590  18.7417 0003979 108.7388  28.9190  1.00271280 24119
YAMAL 402               
1 39022U 12070A   19182.16854854  .00000093  00000-0  00000+0 0  9999
2 39022   0.0174  32.1330 0002605  73.7802 288.5887  1.00271544 24109
SKYNET 5D               
1 39034U 12075A   19182.45948231  .00000106  00000-0  00000+0 0  9997
2 39034   0.0687   0.2777 0003279 109.5642  27.5447  1.00272419 24026
MEXSAT 3                
1 39035U 12075B   19181.63641701 -.00000017  00000-0  00000+0 0  9991
2 39035   0.0208  90.9739 0001993  14.9416 286.7981  1.00271858 23970
TDRS 11                 
1 39070U 13004A   19181.79584735  .00000091  00000-0  00000+0 0  9994
2 39070   4.3499 329.7835 0002573  74.8402 346.0773  1.00275596 23481
AMAZONAS 3              
1 39078U 13006A   19181.90705122 -.00000274  00000-0  00000-0 0  9997
2 39078   0.0459 192.5096 0002462 306.4012  45.3285  1.00270083 19388
AZERSPACE 1             
1 39079U 13006B   19182.45817378  .00000139  00000-0  00000+0 0  9994
2 39079   0.0170   4.6805 0001732 125.7864 359.6930  1.00273786 23438
SBIRS GEO-2 (USA 241)   
1 39120U 13011A   19181.87874007  .00000131  00000-0  00000-0 0  9997
2 39120   2.5628 332.3678 0002398 123.5391 159.6827  1.00272370 23058
EUTELSAT 117 WEST A     
1 39122U 13012A   19182.13853476 -.00000006  00000-0  00000+0 0  9998
2 39122   0.0380 106.9312 0002568 354.5202 110.5162  1.00271387 22968
ANIK G1                 
1 39127U 13014A   19181.99685375 -.00000066  00000-0  00000+0 0  9995
2 39127   0.0310 290.8886 0000357 156.1496  83.2851  1.00271502 22746
CHINASAT 11 (ZX 11)     
1 39157U 13020A   19181.89418083 -.00000284  00000-0  00000-0 0  9997
2 39157   0.0423 251.5063 0001985  63.2683  23.8155  1.00273147 22642
EUTELSAT 7B             
1 39163U 13022A   19182.10605021  .00000056  00000-0  00000+0 0  9996
2 39163   0.0483  40.0089 0003728   5.5654 278.4775  1.00273305 22482
WGS F5 (USA 243)        
1 39168U 13024A   19181.79702062 -.00000276  00000-0  00000+0 0  9995
2 39168   0.0179  19.5751 0000558 221.3126 272.0813  1.00271199 22321
SES-6                   
1 39172U 13026A   19182.44090106 -.00000255  00000-0  00000+0 0  9991
2 39172   0.0269 326.1499 0002005 152.2960 278.9771  1.00271149 22221
IRNSS-1A                
1 39199U 13034A   19181.98214812  .00000080  00000-0  00000+0 0  9994
2 39199  30.1527 102.4900 0017487 185.0926  39.6874  1.00272470 22144
MUOS-2                  
1 39206U 13036A   19181.85483743 -.00000117  00000-0  00000-0 0  9995
2 39206   2.8711 346.7742 0053614   4.2668 135.3359  1.00271503 21707
ALPHASAT                
1 39215U 13038A   19182.09499417  .00000142  00000-0  00000+0 0  9995
2 39215   2.2391  23.0636 0001599  83.6044 231.2265  1.00272435 21769
INSAT-3D                
1 39216U 13038B   19182.46532712 -.00000149  00000-0  00000+0 0  9991
2 39216   0.0192 188.5073 0001259 302.5232  37.7956  1.00269578 21807
WGS F6 (USA 244)        
1 39222U 13041A   19182.01924383  .00000097  00000-0  00000+0 0  9993
2 39222   0.0263  30.3163 0000465 223.7396 256.4707  1.00270449 21566
EUTELSAT 25B            
1 39233U 13044A   19181.87969966  .00000151  00000-0  00000-0 0  9999
2 39233   0.0460  18.5344 0001626  77.6534 164.6321  1.00270985 21136
GSAT-7                  
1 39234U 13044B   19182.46366964 -.00000070  00000-0  00000+0 0  9995
2 39234   0.0466 110.2350 0005002 167.1844 242.7185  1.00271601 21403
AMOS-4                  
1 39237U 13045A   19182.46192492  .00000014  00000-0  00000+0 0  9999
2 39237   0.0223 292.6232 0002745 156.9368  60.9385  1.00272092 21394
AEHF-3 (USA 246)        
1 39256U 13050A   19181.86722954 -.00000174  00000-0  00000-0 0  9990
2 39256   1.1191 315.3073 0004989  89.3192 338.4317  1.00271077 20178
ASTRA 2E                
1 39285U 13056A   19182.31107747  .00000157  00000-0  00000+0 0  9995
2 39285   0.0528   9.8815 0002615  85.9751 323.7089  1.00268508 21098
SIRIUS FM-6             
1 39360U 13058A   19182.22801331 -.00000010  00000-0  00000+0 0  9990
2 39360   0.0316  59.6671 0001059 152.7839  32.4567  1.00270307 20848
RADUGA-1M 3             
1 39375U 13062A   19182.17578448 -.00000032  00000-0  00000+0 0  9999
2 39375   0.0461 175.2854 0001993 310.4976 286.4924  1.00272864 20630
SES-8                   
1 39460U 13071A   19181.89357019 -.00000262  00000-0  00000-0 0  9997
2 39460   0.0374 268.3836 0002724 195.0441 231.9184  1.00271466 19008
INMARSAT 5-F1           
1 39476U 13073A   19181.99428248  .00000036  00000-0  00000+0 0  9997
2 39476   0.0276  30.3610 0000724 229.3566  79.5883  1.00269440 20429
TKSAT-1 (TUPAC KATARI)  
1 39481U 13075A   19182.48243709 -.00000188  00000-0  00000+0 0  9996
2 39481   0.0077 117.1423 0002680 325.2692 283.3264  1.00271589 20356
EXPRESS-AM5             
1 39487U 13077A   19182.53313363 -.00000273  00000-0  00000+0 0  9999
2 39487   0.0538 212.3399 0000588 106.5193 292.3952  1.00271502 20860
GSAT-14                 
1 39498U 14001A   19181.74584236 -.00000069  00000-0  00000-0 0  9994
2 39498   0.0566 278.7782 0000945 357.9553 344.2819  1.00272069 19927
THAICOM 6               
1 39500U 14002A   19182.46462924 -.00000113  00000-0  00000+0 0  9997
2 39500   0.0510 146.6227 0004565 332.2669  46.1182  1.00265658 20023
TDRS 12                 
1 39504U 14004A   19182.29720694 -.00000259  00000-0  00000+0 0  9996
2 39504   5.0965 336.6851 0002165 194.9843 173.5359  1.00272137 19952
ABS-2                   
1 39508U 14006A   19181.85351303 -.00000078  00000-0  00000+0 0  9999
2 39508   0.0196 330.9015 0003329 115.8180 214.0812  1.00272467 19811
ATHENA-FIDUS            
1 39509U 14006B   19182.17966043  .00000161  00000-0  00000+0 0  9991
2 39509   0.0152  71.9653 0000945  30.1950 279.2507  1.00271269 20005
TURKSAT 4A              
1 39522U 14007A   19181.88786792  .00000154  00000-0  00000-0 0  9998
2 39522   0.0633 273.3645 0000506 292.1960  74.7252  1.00269251 19480
EXPRESS-AT1             
1 39612U 14010A   19182.46009296  .00000085  00000-0  00000+0 0  9996
2 39612   0.0395 205.5745 0000157 243.9343  51.3409  1.00270745 19557
EXPRESS-AT2             
1 39613U 14010B   19182.09171358 -.00000274  00000-0  00000+0 0  9996
2 39613   0.0516 206.7890 0000159 314.7632 290.1610  1.00269563 19381
AMAZONAS 4A             
1 39616U 14011A   19181.85989712 -.00000245  00000-0  00000-0 0  9993
2 39616   0.0636  68.4346 0003273  37.9348  47.8408  1.00273021 19199
ASTRA 5B                
1 39617U 14011B   19182.18521755  .00000162  00000-0  00000+0 0  9996
2 39617   0.0231  25.3730 0003214  78.9760 272.7907  1.00268731 19373
IRNSS-1B                
1 39635U 14017A   19180.88048993  .00000088  00000-0  00000+0 0  9992
2 39635  29.2886 282.9882 0022198 184.5561 182.3304  1.00279914 19299
LUCH 5V                 
1 39727U 14023A   19181.89357019 -.00000260  00000-0  00000-0 0  9999
2 39727   1.1926 304.5027 0003278 166.4798 224.0756  1.00275996537023
KAZSAT-3                
1 39728U 14023B   19182.46061639  .00000067  00000-0  00000+0 0  9997
2 39728   0.0149  79.0849 0000219 179.0544 245.4071  1.00271187 18946
EUTELSAT 3B             
1 39773U 14030A   19182.37775363  .00000027  00000-0  00000+0 0  9997
2 39773   0.0583  17.4372 0005546 137.2041 263.5857  1.00272551 18726
ASIASAT 8               
1 40107U 14046A   19182.32939253 -.00000027  00000-0  00000+0 0  9993
2 40107   0.0012  58.5128 0001818  26.5346 308.7354  1.00271234 18009
ASIASAT 6               
1 40141U 14052A   19182.07410444 -.00000355  00000-0  00000+0 0  9990
2 40141   0.0162  44.6918 0000472  92.2503 288.4882  1.00272272 17660
OPTUS 10                
1 40146U 14054A   19182.52757635 -.00000141  00000-0  00000+0 0  9996
2 40146   0.1172  88.1734 0003537  32.4632 144.5773  1.00268453 17623
MEASAT-3B               
1 40147U 14054B   19182.10825403 -.00000234  00000-0  00000+0 0  9993
2 40147   0.0275  36.8458 0001738  42.3189 330.1600  1.00270349 17672
LUCH (OLYMP)            
1 40258U 14058A   19182.73174310  .00000022  00000-0  00000+0 0  9997
2 40258   0.0630 223.3982 0000549 310.8869  72.6668  1.00268316 17440
HIMAWARI-8              
1 40267U 14060A   19181.90272997 -.00000268  00000-0  00000-0 0  9992
2 40267   0.0396 153.1853 0000645 358.3075 232.8126  1.00270215 17258
IRNSS-1C                
1 40269U 14061A   19182.10659656 -.00000152  00000-0  00000+0 0  9990
2 40269   1.9403 207.1079 0018640   7.7017 185.5064  1.00269360 17326
INTELSAT 30 (IS-30)     
1 40271U 14062A   19182.50179174 -.00000144  00000-0  00000+0 0  9991
2 40271   0.0274  30.5987 0001230  32.6914 301.5680  1.00269174 17272
ARSAT 1                 
1 40272U 14062B   19181.86033330 -.00000251  00000-0  00000-0 0  9993
2 40272   0.0047  44.1178 0001152  71.3920  41.0286  1.00271718 17112
EXPRESS-AM6             
1 40277U 14064A   19182.45956955  .00000105  00000-0  00000+0 0  9999
2 40277   0.0373 201.1894 0000084 123.4060 173.0611  1.00271155 17175
GSAT-16                 
1 40332U 14078A   19181.88563171  .00000093  00000-0  00000-0 0  9993
2 40332   0.0161 331.5008 0007366 115.5255 205.5310  1.00270121 16623
DIRECTV 14              
1 40333U 14078B   19182.36881081 -.00000118  00000-0  00000+0 0  9999
2 40333   0.0268  27.7889 0001266 304.1036 340.7618  1.00269101 16741
YAMAL 401               
1 40345U 14082A   19182.46689737 -.00000222  00000-0  00000+0 0  9998
2 40345   0.0238  36.5582 0000521  24.1699 116.5307  1.00270683 16916
ASTRA 2G                
1 40364U 14089A   19182.31099022  .00000157  00000-0  00000+0 0  9998
2 40364   0.0236 357.2936 0004308  71.4865 350.4252  1.00270133 16523
FENGYUN 2G              
1 40367U 14090A   19181.89444255 -.00000291  00000-0  00000-0 0  9998
2 40367   1.2653 100.7007 0001079 343.7901 255.4663  1.00261361 16534
MUOS-3                  
1 40374U 15002A   19182.44569904 -.00000119  00000-0  00000+0 0  9999
2 40374   3.1887 339.4684 0057334 176.0670 268.5812  1.00270420 16323
INMARSAT 5-F2           
1 40384U 15005A   19182.22259937 -.00000278  00000-0  00000+0 0  9997
2 40384   0.0272  32.6194 0000385 217.3453  54.1475  1.00267571 16178
ABS-3A                  
1 40424U 15010A   19182.37661956 -.00000020  00000-0  00000+0 0  9997
2 40424   0.0401  73.5885 0002525 303.2622  34.8547  1.00271499 15919
EUTELSAT 115 WEST B     
1 40425U 15010B   19182.54030345 -.00000018  00000-0  00000+0 0  9996
2 40425   0.0118 163.6545 0000425 291.0417 264.2006  1.00270971 15937
EXPRESS-AM7             
1 40505U 15012A   19182.52874765  .00000157  00000-0  00000+0 0  9990
2 40505   0.0109  46.6498 0002678  61.4009  41.5963  1.00274896 15861
IRNSS-1D                
1 40547U 15018A   19181.94042642 -.00000289  00000-0  00000+0 0  9995
2 40547  29.1956 283.0728 0022861 184.3929 261.6397  1.00274249 15749
BEIDOU 17               
1 40549U 15019A   19181.57085381 -.00000164  00000-0  00000+0 0  9996
2 40549  53.5521 325.2601 0039280 187.2619  62.6392  1.00251505 15575
THOR 7                  
1 40613U 15022A   19182.30523265 -.00000002  00000-0  00000+0 0  9993
2 40613   0.0128  37.3665 0002249  62.0736 288.8461  1.00269921 15326
TURKMENALEM52E/MONACOSAT
1 40617U 15023A   19182.45930785  .00000110  00000-0  00000+0 0  9992
2 40617   0.0280  78.6005 0002684  23.0621  34.9211  1.00273087 15330
DIRECTV 15              
1 40663U 15026A   19182.51995604 -.00000109  00000-0  00000+0 0  9993
2 40663   0.0135  62.3347 0001267 129.3513 173.9362  1.00269954 15042
SKY MEXICO-1            
1 40664U 15026B   19182.14612427 -.00000227  00000-0  00000+0 0  9993
2 40664   0.0278  84.9926 0001845  21.4634 146.2958  1.00270421 15036
METEOSAT-11 (MSG-4)     
1 40732U 15034A   19182.33267289  .00000006  00000-0  00000+0 0  9995
2 40732   1.0192 257.7995 0002339 221.8610 279.3489  1.00266123 14538
STAR ONE C4             
1 40733U 15034B   19181.90675028 -.00000257  00000-0  00000-0 0  9992
2 40733   0.0322  53.3807 0001723  14.8223 106.8969  1.00271756 14536
WGS F7 (USA 263)        
1 40746U 15036A   19182.48529512  .00000024  00000-0  00000+0 0  9998
2 40746   0.0400  67.1032 0000663 124.1530  77.6639  1.00270642 14372
INTELSAT 34 (IS-34)     
1 40874U 15039A   19182.43793503 -.00000279  00000-0  00000+0 0  9994
2 40874   0.0179 357.8800 0000752 346.1744  37.3158  1.00270867 14177
EUTELSAT 8 WEST B       
1 40875U 15039B   19182.27418762 -.00000059  00000-0  00000+0 0  9994
2 40875   0.0660 350.7638 0004426 106.5780 272.3915  1.00269963 14193
GSAT-6                  
1 40880U 15041A   19181.89121481 -.00000157  00000-0  00000-0 0  9999
2 40880   0.0651 103.5898 0003973 144.3823  74.5220  1.00270602 14143
INMARSAT 5-F3           
1 40882U 15042A   19181.83869878  .00000058  00000-0  00000+0 0  9993
2 40882   0.0273  31.2157 0000164 107.9806 260.9321  1.00271218 14052
MUOS-4                  
1 40887U 15044A   19181.88955733 -.00000083  00000-0  00000-0 0  9991
2 40887   3.3652 336.9807 0053110   3.4742 333.4793  1.00271696 14069
TJS-1                   
1 40892U 15046A   19182.25619459 -.00000150  00000-0  10000-3 0  9992
2 40892   0.0615  87.2831 0003846   4.8674  74.0543  1.00270445 14052
EXPRESS-AM8             
1 40895U 15048A   19181.87184844 -.00000104  00000-0  00000+0 0  9993
2 40895   0.0355 209.3868 0001073 248.1263 120.9726  1.00271318 13873
BEIDOU 20               
1 40938U 15053A   19182.38746047 -.00000145  00000-0  00000+0 0  9998
2 40938  53.1435 288.2375 0050635 182.4256  43.1841  1.00262125 13867
SKY MUSTER (NBN1A)      
1 40940U 15054A   19182.53313363 -.00000272  00000-0  00000+0 0  9991
2 40940   0.0163 337.3036 0001535 122.4462 151.7228  1.00271349 13781
ARSAT 2                 
1 40941U 15054B   19182.48243709 -.00000218  00000-0  00000+0 0  9992
2 40941   0.0118  62.7554 0001282  39.0245 270.1337  1.00271611 13821
MORELOS 3               
1 40946U 15056A   19182.47688589 -.00000033  00000-0  00000+0 0  9992
2 40946   5.3678 328.1157 0003396 184.4632 185.2359  1.00272719 13781
APSTAR 9                
1 40982U 15059A   19181.90299167 -.00000258  00000-0  00000-0 0  9992
2 40982   0.0177 192.7406 0000896 264.2139 288.8013  1.00269888 13634
TURKSAT 4B              
1 40984U 15060A   19181.88467212  .00000123  00000-0  00000-0 0  9991
2 40984   0.0158 345.2404 0001772 111.2399 190.6452  1.00269838 13611
CHINASAT 2C (ZX 2C)     
1 41021U 15063A   19182.54135581 -.00000317  00000-0  00000+0 0  9997
2 41021   0.0495 248.3757 0001270 192.0706 137.1751  1.00270559 13513
GSAT-15                 
1 41028U 15065A   19181.93555782 -.00000250  00000-0  00000-0 0  9994
2 41028   0.0203 300.3159 0002582 137.2562 271.4477  1.00270588 13340
BADR-7 (ARABSAT-6B)     
1 41029U 15065B   19181.87987413  .00000152  00000-0  00000-0 0  9998
2 41029   0.0533 256.7731 0003350 314.0266  50.5691  1.00269113 13264
LAOSAT 1                
1 41034U 15067A   19182.47457412 -.00000336  00000-0  00000+0 0  9998
2 41034   0.0473 162.9065 0001673 244.8460 170.8446  1.00273789 13340
TELSTAR 12V             
1 41036U 15068A   19180.57950735 -.00000109  00000-0  00000-0 0  9995
2 41036   0.0039  22.1110 0001921  68.4572  20.4265  1.00271849 13218
CHINASAT 1C (ZX 1C)     
1 41103U 15073A   19181.89086587 -.00000143  00000-0  00000-0 0  9995
2 41103   0.7981  95.8196 0000648 318.2464 266.7930  1.00271973 13164
ELEKTRO-L 2             
1 41105U 15074A   19182.17700579 -.00000090  00000-0  00000+0 0  9994
2 41105   0.3798 107.7871 0003172 340.1665 330.7458  1.00271933 13021
COSMOS 2513             
1 41121U 15075A   19181.89069140 -.00000131  00000-0  00000-0 0  9990
2 41121   0.0832 103.0439 0003343 342.5229 233.9840  1.00271341 13095
EXPRESS-AMU1            
1 41191U 15082A   19182.09717506  .00000163  00000-0  00000+0 0  9997
2 41191   0.0249  25.1491 0001934  79.7826 245.0045  1.00269270 13002
GAOFEN 4                
1 41194U 15083A   19182.32643097 -.00000328  00000-0  00000+0 0  9994
2 41194   0.0040 273.5508 0004304 282.9211 305.8483  1.00269996 12995
BELINTERSAT-1           
1 41238U 16001A   19182.45922063  .00000113  00000-0  00000+0 0  9992
2 41238   0.0323 137.7889 0002761 324.9669  33.2922  1.00274544 12760
IRNSS-1E                
1 41241U 16003A   19178.71020963 -.00000288  00000-0  00000+0 0  9994
2 41241  29.2958 102.1181 0017788 183.3436 357.2321  1.00264266 12667
EUTELSAT 9B             
1 41310U 16005A   19182.37897493  .00000068  00000-0  00000+0 0  9995
2 41310   0.0827  82.9258 0001579 209.0211 132.6127  1.00272587 12613
SES-9                   
1 41380U 16013A   19182.47056128 -.00000338  00000-0  00000+0 0  9995
2 41380   0.0417 276.7851 0001836 180.4040  99.7391  1.00270300 12252
EUTELSAT 65 WEST A      
1 41382U 16014A   19181.86164184 -.00000268  00000-0  00000-0 0  9995
2 41382   0.0455  10.9088 0001905  93.3398  59.3756  1.00273042 12041
IRNSS-1F                
1 41384U 16015A   19181.88109545  .00000171  00000-0  00000-0 0  9992
2 41384   2.6971 239.4440 0021885 189.3795 199.2806  1.00279179 12193
BEIDOU IGSO-6           
1 41434U 16021A   19182.05759531 -.00000165  00000-0  00000+0 0  9994
2 41434  56.5482  64.2959 0034423 200.8970 129.3148  1.00288617 11985
IRNSS-1G                
1 41469U 16027A   19181.90046184 -.00000323  00000-0  00000-0 0  9991
2 41469   2.7432 241.7840 0006031 211.4264 279.1747  1.00272269 11693
JCSAT 2B                
1 41471U 16028A   19181.47465029 -.00000157  00000-0  00000+0 0  9994
2 41471   0.0035  87.1717 0001801  28.6380 127.3087  1.00268731 11586
THAICOM 8               
1 41552U 16031A   19182.10572419 -.00000114  00000-0  00000+0 0  9994
2 41552   0.0701  41.6009 0003327  22.7532 331.0821  1.00272859 11287
INTELSAT 31 (IS-31)     
1 41581U 16035A   19181.85570979 -.00000142  00000-0  00000-0 0  9992
2 41581   0.0281 269.8798 0001810 330.1025 251.6450  1.00270436 11148
BEIDOU-2 G7             
1 41586U 16037A   19182.39921368 -.00000348  00000-0  00000+0 0  9998
2 41586   0.9015  42.3012 0006365  17.6297 113.3656  1.00275263 11288
ABS-2A (MONGOLSAT-1)    
1 41588U 16038A   19181.88955733 -.00000076  00000-0  00000-0 0  9996
2 41588   0.0228  15.3566 0002032 359.0676 299.1997  1.00270252 11208
EUTELSAT 117 WEST B     
1 41589U 16038B   19182.55393175 -.00000005  00000-0  00000+0 0  9999
2 41589   0.0095 167.8597 0000426 273.6911 280.1638  1.00270733 11213
BRISAT                  
1 41591U 16039A   19181.86639628 -.00000189  00000-0  00000+0 0  9995
2 41591   0.0219 354.3028 0001870 105.6189 281.1120  1.00269825 11140
ECHOSTAR 18             
1 41592U 16039B   19182.50850892 -.00000276  00000-0  00000+0 0  9993
2 41592   0.0276  33.6705 0001185  59.0148 308.2917  1.00269348 11133
MUOS-5                  
1 41622U 16041A   19182.43694611 -.00000110  00000-0  00000+0 0  9994
2 41622   7.9744 310.8910 0205829 208.2508 172.3420  1.00272419 11570
TIANTONG-1 1            
1 41725U 16048A   19182.11017322 -.00000307  00000-0  00000+0 0  9996
2 41725   3.4960 329.1254 0001725  88.4678   2.3645  1.00272317 10762
JCSAT-16                
1 41729U 16050A   19182.71482650 -.00000351  00000-0  00000+0 0  9998
2 41729   0.0802  99.0795 0001089 173.2447  28.3336  1.00274780 10577
INTELSAT 36 (IS-36)     
1 41747U 16053A   19181.88833602 -.00000017  00000-0  00000-0 0  9995
2 41747   0.0102   7.8688 0001669 339.6280 319.4539  1.00271110 10466
INTELSAT 33E (IS-33E)   
1 41748U 16053B   19181.89892446  .00000057  00000-0  00000-0 0  9991
2 41748   0.0159  40.1774 0002128  82.0517 180.0337  1.00272753 10752
INSAT-3DR               
1 41752U 16054A   19182.46366964 -.00000070  00000-0  00000+0 0  9997
2 41752   0.1174  99.1805 0010420 174.4524 246.4993  1.00271206 10300
GSAT-18                 
1 41793U 16060A   19182.46375687 -.00000071  00000-0  00000+0 0  9992
2 41793   0.0873 101.3868 0002588 345.7716  73.0107  1.00271888 10034
SKY MUSTER 2            
1 41794U 16060B   19182.06299565 -.00000237  00000-0  00000+0 0  9993
2 41794   0.0157 333.0779 0001349 128.4343 344.7972  1.00270688 10070
HIMAWARI-9              
1 41836U 16064A   19181.90272997 -.00000267  00000-0  00000-0 0  9990
2 41836   0.0122 353.7843 0000664 117.7743 272.8613  1.00273002  9685
SHIJIAN-17 (SJ-17)      
1 41838U 16065A   19182.76128093 -.00000258  00000-0  00000+0 0  9994
2 41838   0.7953  96.1749 0002746   8.1190 183.4700  1.00269373  9737
GOES 16                 
1 41866U 16071A   19182.53362494 -.00000242  00000-0  00000+0 0  9995
2 41866   0.0471 178.8731 0000247 342.1161 235.2131  1.00271476  9616
TIANLIAN 1-04           
1 41869U 16072A   19182.17718025 -.00000097  00000-0  00000+0 0  9992
2 41869   1.0405 283.8659 0016740 165.0202 330.7962  1.00271023  9819
WGS F8 (USA 272)        
1 41879U 16075A   19182.53313363 -.00000197  00000-0  00000+0 0  9993
2 41879   0.0406  68.9361 0000384 103.1455  88.9436  1.00267210  9420
FENGYUN 4A              
1 41882U 16077A   19182.54161751 -.00000324  00000-0  00000+0 0  9994
2 41882   0.0333 315.9263 0003701 199.4164  63.6604  1.00270687  9485
ECHOSTAR 19             
1 41893U 16079A   19182.46577181 -.00000132  00000-0  00000+0 0  9994
2 41893   0.0273  31.1193 0001190  61.4233 257.2727  1.00270810  9243
JCSAT-15                
1 41903U 16082A   19181.83930007 -.00000343  00000-0  00000+0 0  9994
2 41903   0.0015   1.3206 0001084 103.6766 225.8196  1.00271683  9278
STAR ONE D1             
1 41904U 16082B   19182.48243709 -.00000204  00000-0  00000+0 0  9999
2 41904   0.0123 114.0102 0002293 346.7418 268.1753  1.00271753  9292
TJS-2                   
1 41911U 17001A   19182.18836973 -.00000335  00000-0  00000+0 0  9992
2 41911   0.1235  91.8901 0006634 269.0565  93.3388  1.00269633  9226
SBIRS GEO-3 (USA 273)   
1 41937U 17004A   19182.50182421  .00000140  00000-0  00000+0 0  9994
2 41937   4.4902 312.2778 0002128 144.9724 203.2783  1.00272427  9109
HISPASAT 36W-1          
1 41942U 17006A   19181.79146642 -.00000236  00000-0  00000+0 0  9994
2 41942   0.0063 272.9167 0001049 188.3210  66.2442  1.00271407  9029
TELKOM 3S               
1 41944U 17007A   19182.47248046 -.00000356  00000-0  00000+0 0  9997
2 41944   0.0042   7.9537 0002088  89.8121 109.5710  1.00272149  8713
INTELSAT 32E (IS-32E)   
1 41945U 17007B   19182.16606545 -.00000262  00000-0  00000+0 0  9992
2 41945   0.0263  28.5559 0000694 303.7426 323.2461  1.00270366  8749
ECHOSTAR 23             
1 42070U 17014A   19181.90621671 -.00000265  00000-0  00000-0 0  9992
2 42070   0.0181  16.0942 0001964  83.3464 100.5733  1.00271656  8437
WGS F9 (USA 275)        
1 42075U 17016A   19182.13522869  .00000080  00000-0  00000+0 0  9997
2 42075   0.0250  16.9426 0000568 224.2831 143.1621  1.00271021  8433
SES-10                  
1 42432U 17017A   19182.50737484 -.00000266  00000-0  00000+0 0  9994
2 42432   0.0098 353.8097 0002794 112.3241 288.8881  1.00270321  8260
CHINASAT 16 (SJ-13)     
1 42662U 17018A   19181.93676148 -.00000345  00000-0  00000-0 0  9994
2 42662   0.0885  92.6330 0004758 132.8742 140.9515  1.00270945  8244
KOREASAT 7              
1 42691U 17023A   19182.47204428 -.00000355  00000-0  00000+0 0  9990
2 42691   0.0334  71.3324 0001806  33.5506 100.1791  1.00271572  7945
SGDC                    
1 42692U 17023B   19182.43246512 -.00000243  00000-0  00000+0 0  9993
2 42692   0.0107  28.5776 0001763  74.6914 256.7549  1.00272122  7952
GSAT-9                  
1 42695U 17024A   19182.46838038 -.00000280  00000-0  00000+0 0  9991
2 42695   0.0012  67.4313 0002395  32.5124  85.2344  1.00271903  7939
INMARSAT 5-F4           
1 42698U 17025A   19182.13522869  .00000083  00000-0  00000+0 0  9991
2 42698   0.0274  30.9559 0000768 198.4261 154.6762  1.00271002  7761
SES-15                  
1 42709U 17026A   19182.45444819  .00000066  00000-0  00000+0 0  9999
2 42709   0.0164   2.8323 0000307 154.6770 156.1665  1.00272260  8685
QZS-2  (MICHIBIKI-2)    
1 42738U 17028A   19181.58035657 -.00000186  00000-0  00000-0 0  9997
2 42738  43.5785 279.3430 0757080 269.1858  77.7900  1.00287015  7632
VIASAT-2                
1 42740U 17029A   19181.90675028 -.00000257  00000-0  00000-0 0  9998
2 42740   0.0273  29.3718 0000277 251.8262 254.0003  1.00268028  7696
EUTELSAT 172B           
1 42741U 17029B   19181.79819924  .00000002  00000-0  00000+0 0  9997
2 42741   0.0276  87.2019 0000207 191.0006  99.7196  1.00272238  8204
GSAT-19                 
1 42747U 17031A   19182.74566727  .00000131  00000-0  00000+0 0  9995
2 42747   0.0720 100.5004 0005519 341.7266 153.5931  1.00271696  7639
ECHOSTAR 21             
1 42749U 17032A   19181.75366586  .00000077  00000-0  00000+0 0  9998
2 42749   6.1902 314.6829 0002005 141.2255 104.1967  1.00271271  7619
CHINASAT 9A (ZX 9A)     
1 42763U 17035A   19182.56437594 -.00000307  00000-0  00000+0 0  9992
2 42763   0.0308 253.9197 0002825 209.1384 120.8584  1.00274673  8157
BULGARIASAT-1           
1 42801U 17038A   19182.30575606  .00000018  00000-0  00000+0 0  9995
2 42801   0.0220  73.6431 0002673  24.0616 293.3435  1.00273698  7419
HELLAS-SAT 3            
1 42814U 17040A   19182.45677802  .00000159  00000-0  00000+0 0  9995
2 42814   0.0647  65.3100 0004175 354.8543  62.4987  1.00274090  7389
GSAT-17                 
1 42815U 17040B   19181.93555782 -.00000251  00000-0  00000-0 0  9995
2 42815   0.0649 110.0027 0002114 145.7591  93.2419  1.00272362  7314
INTELSAT 35E (IS-35E)   
1 42818U 17041A   19182.40079780 -.00000231  00000-0  00000+0 0  9998
2 42818   0.0476 224.8631 0001192 227.3512 296.7426  1.00271711  7343
COSMOS 2520             
1 42907U 17046A   19182.45791208  .00000143  00000-0  00000+0 0  9994
2 42907   0.0333  95.4829 0000977 153.8766 239.7126  1.00270350  6890
TDRS 13                 
1 42915U 17047A   19181.77289170 -.00000089  00000-0  00000-0 0  9999
2 42915   6.1052 330.4437 0015547  92.0202 122.8726  1.00272123  6842
QZS-3 (MICHIBIKI-3)     
1 42917U 17048A   19182.07410444 -.00000340  00000-0  00000+0 0  9995
2 42917   0.0580 169.9203 0001685 310.0842 312.5271  1.00274952  6878
AMAZONAS 5              
1 42934U 17053A   19182.50859615 -.00000276  00000-0  00000+0 0  9993
2 42934   0.0282 328.6153 0002810 100.0381 332.7057  1.00269792  6636
ASIASAT 9               
1 42942U 17057A   19182.22341391 -.00000353  00000-0  00000+0 0  9998
2 42942   0.0017  27.2117 0002302  66.8152  27.4859  1.00269641  6444
INTELSAT 37E (IS-37E)   
1 42950U 17059A   19182.44535010 -.00000134  00000-0  00000+0 0  9993
2 42950   0.0212  16.7012 0002222  92.2643 312.5643  1.00269781  6552
BSAT-4A                 
1 42951U 17059B   19182.47091022 -.00000344  00000-0  00000+0 0  9990
2 42951   0.0358   3.1070 0003421  72.4871 123.0086  1.00272717  6451
QZS-4 (MICHIBIKI-4)     
1 42965U 17062A   19181.86578569 -.00000306  00000-0  00000-0 0  9996
2 42965  40.7542  16.2645 0747023 271.7246  79.1658  1.00257112  6311
SES-11 (ECHOSTAR 105)   
1 42967U 17063A   19182.10386499 -.00000082  00000-0  00000+0 0  9996
2 42967   0.0188  25.7116 0002148  72.1664 113.4285  1.00270417  6305
KOREASAT 5A             
1 42984U 17067A   19181.89723410 -.00000351  00000-0  00000-0 0  9992
2 42984   0.0153  85.6626 0001511  12.5905 256.5711  1.00272672  6034
ALCOMSAT 1              
1 43039U 17078A   19182.44404156 -.00000179  00000-0  00000+0 0  9998
2 43039   0.0331 273.5040 0003516 187.6522 313.0897  1.00273034  5797
SBIRS GEO-4 (USA 282)   
1 43162U 18009A   19181.86309688 -.00000279  00000-0  00000+0 0  9990
2 43162   5.6156 318.2438 0002149 141.0057 269.1084  1.00271127  5336
AL YAH 3                
1 43174U 18012A   19182.16160705 -.00000148  00000-0  00000+0 0  9991
2 43174   0.0118 323.1640 0001732 140.6786 213.1549  1.00270561  5344
SES-14                  
1 43175U 18012B   19182.42609149 -.00000272  00000-0  00000+0 0  9999
2 43175   0.0159 359.2505 0000852  98.8694 286.9612  1.00273298  5578
GOES 17                 
1 43226U 18022A   19182.53407456  .00000104  00000-0  00000+0 0  9999
2 43226   0.0439 152.1392 0001041 285.1132 257.1060  1.00272438  4930
HISPASAT 30W-6          
1 43228U 18023A   19182.44299472 -.00000210  00000-0  00000+0 0  9998
2 43228   0.0398  45.8350 0005532  35.9831 326.8623  1.00270607  5008
SUPERBIRD 8             
1 43271U 18033A   19182.52757635 -.00000086  00000-0  00000+0 0  9997
2 43271   0.0176 291.1040 0000888 184.7202 155.3729  1.00271908  4552
HYLAS 4                 
1 43272U 18033B   19182.15119012 -.00000226  00000-0  00000+0 0  9994
2 43272   0.0684 121.3056 0003697  33.1866 145.3432  1.00270522  4597
IRNSS-1I                
1 43286U 18035A   19181.88571895  .00000097  00000-0  00000+0 0  9996
2 43286  29.2798 115.4208 0018283 185.0849 352.0967  1.00268601  4561
COSMOS 2526             
1 43432U 18037A   19181.90020012 -.00000337  00000-0  00000-0 0  9993
2 43432   0.0353  83.6998 0001148  27.1895 259.9117  1.00269978  4479
APSTAR 6C               
1 43450U 18041A   19181.85982067 -.00000309  00000-0  00000+0 0  9997
2 43450   0.0432 162.1247 0001684 244.0679 315.9863  1.00273418  4343
BANGABANDHUSAT-1        
1 43463U 18044A   19182.07966170 -.00000355  00000-0  00000+0 0  9997
2 43463   0.0253  88.7247 0001726  13.5077 324.3902  1.00272360  4230
SES-12                  
1 43488U 18049A   19181.89365742 -.00000262  00000-0  00000-0 0  9994
2 43488   0.0194  40.9155 0001469 172.5696 121.8997  1.00271302  3942
FENGYUN 2H              
1 43491U 18050A   19182.33730042 -.00000116  00000-0  00000+0 0  9996
2 43491   1.4780 281.6260 0003256 232.7157 325.1182  1.00269682  4012
BEIDOU IGSO-7           
1 43539U 18057A   19181.80083400 -.00000042  00000-0  00000-0 0  9995
2 43539  55.0370 185.4886 0024058 202.0763 292.6983  1.00273913  3654
TELSTAR 19V             
1 43562U 18059A   19181.86207802 -.00000272  00000-0  00000-0 0  9998
2 43562   0.0219  46.3608 0002056 101.1623  18.4443  1.00268443  3654
TELKOM 4 (MERAH PUTIH)  
1 43587U 18064A   19182.47047404 -.00000337  00000-0  00000+0 0  9990
2 43587   0.0076 335.6923 0001050 133.6833  87.2290  1.00271938  3367
TELSTAR 18V (APSTAR 5C) 
1 43611U 18069A   19182.47649331 -.00000287  00000-0  00000+0 0  9994
2 43611   0.0098 356.2586 0001232  43.9425 188.5917  1.00270657  3116
AZERSPACE 2 (IS-38)     
1 43632U 18074A   19180.51970775  .00000146  00000-0  00000+0 0  9998
2 43632   0.0182  22.2830 0001190  60.1290  67.1053  1.00271916  2996
HORIZONS 3E             
1 43633U 18074B   19182.53250461 -.00000024  00000-0  00000+0 0  9992
2 43633   0.0470 191.8338 0000341  23.1324  65.0435  1.00270965  2856
AEHF-4 (USA 288)        
1 43651U 18079A   19182.47418973 -.00000148  00000-0  00000+0 0  9991
2 43651   4.5710 311.6726 0002852 116.0895 287.9896  1.00270493  2794
BEIDOU-3 G1             
1 43683U 18085A   19182.19061458 -.00000235  00000-0  00000+0 0  9991
2 43683   2.5505 268.7137 0001249 185.7474  37.5860  1.00268159  2563
GSAT-29                 
1 43698U 18089A   19181.88563171  .00000093  00000-0  00000-0 0  9997
2 43698   0.0665 271.7180 0002520 165.6767 215.0953  1.00269630  2297
ES'HAIL 2               
1 43700U 18090A   19182.31055404  .00000151  00000-0  00000+0 0  9991
2 43700   0.0171  68.6671 0000814  40.8406 307.1215  1.00271943  2428
GEO-KOMPSAT-2A          
1 43823U 18100A   19181.82617470 -.00000336  00000-0  00000+0 0  9997
2 43823   0.0456 175.0952 0001841 269.5195 259.6612  1.00271398  2157
GSAT-11                 
1 43824U 18100B   19181.81758767 -.00000069  00000-0  00000-0 0  9996
2 43824   0.0844 280.0606 0007078 175.7926 191.0198  1.00271653  2040
GSAT-7A                 
1 43864U 18105A   19182.46148875  .00000034  00000-0  00000+0 0  9990
2 43864   0.0539 113.3649 0001935 331.2407  63.4848  1.00270413  1977
COSMOS 2533             
1 43867U 18107A   19182.17578448 -.00000031  00000-0  00000+0 0  9994
2 43867   0.0377  94.1396 0000832 134.6705 183.3520  1.00271194  1938
TJS-3                   
1 43874U 18110A   19182.76333647  .00000039  00000-0  00000+0 0  9998
2 43874   0.0550 251.2072 0003480 285.6528 182.3222  1.00839296  1984
TJS-3 AKM               
1 43917U 18110C   19182.75389277  .00000062  00000-0  00000+0 0  9991
2 43917   0.1355 100.8553 0002567  70.0626  78.9860  1.00273346  1851
CHINASAT 2D (ZX 2D)     
1 43920U 19001A   19181.46985231 -.00000328  00000-0  00000+0 0  9990
2 43920   0.0073 143.6975 0001707 276.2851 157.4269  1.00271090  1859
GSAT-31                 
1 44035U 19007B   19182.45852272  .00000132  00000-0  00000+0 0  9994
2 44035   0.0419  92.6642 0000734 299.4521  99.9978  1.00273179  1470
NUSANTARA SATU          
1 44048U 19009A   19181.83198161 -.00000226  00000-0  00000+0 0  9996
2 44048   0.0177  22.0769 0001820  78.3870 263.6557  1.00272875  1273
WGS 10 (USA 291)        
1 44071U 19014A   19181.74563250  .00000027  00000-0  00000-0 0  9992
2 44071   0.0083 283.5927 0000357 217.8885 283.5439  1.00273394  1115
ARABSAT 6A              
1 44186U 19021A   19182.18521755  .00000160  00000-0  00000+0 0  9997
2 44186   0.0422  80.7461 0001951  85.7051 209.6181  1.00265148   735
BEIDOU-3 IGSO-1         
1 44204U 19023A   19180.76005000 -.00000229  00000-0  10000-3 0  9994
2 44204  54.9930  64.8417 0015993 180.2033  60.4066  1.00284498   840
